point,gx,gxx,gxy,gxz,gy,gyy,gyz,gz,gzz,pot,size,ratio
0,0.00408750407003669,0.00016774953033393825,9.20532113669924e-17,0.000586304489196614,8.18166064411874e-16,0.0003574227881720793,2.19671218606825e-16,0.0030891921485363127,0.0001896732572260751,0.004257625791069586,1.0,0.0
1,0.00427106012108521,0.00010154536404594072,1.54222994475735e-17,0.000672102556985849,5.87702629617493e-15,0.0004205585057090455,8.65057808371872e-17,0.003891685782548393,0.0003190131412000863,0.004796522191099939,1.0,0.0
2,0.00434952627585276,1.583385442927021e-06,6.16062017963528e-17,0.000744281332084239,3.13662399005488e-15,0.0004898810064920545,7.06950638437384e-17,0.0047972842195349585,0.0004882976207720713,0.005352749391022371,1.0,0.0
3,0.0042798607593192,0.00013060362313604967,8.57653152226093e-17,0.000786588667657365,2.46547574023204e-16,0.0005627911277100717,1.55655856585134e-16,0.005778306748538853,0.0006933947504060844,0.005909987890845514,1.0,0.0
4,0.00402546021036345,0.0002864531898240652,1.20169623018152e-17,0.000784012696924376,2.30016201398231e-15,0.0006356130845940333,4.23025194517743e-17,0.006786631148543165,0.0009220662740710983,0.0064466955918760505,1.0,0.0
5,0.0035647089619739,0.0004513639696860361,1.4225918349136e-18,0.000726249061170228,5.57682426714085e-15,0.0007039551418550616,2.61191079615336e-17,0.007757572893552833,0.00115531911088107,0.006937503590961569,1.0,0.0
6,0.00289732157343966,0.0006070927604290843,1.04690095907079e-16,0.000610197724979503,7.36701823676744e-16,0.0007632041865490713,4.36493018379086e-17,0.008617621409541698,0.0013702969464380876,0.0073555699909775285,1.0,0.0
7,0.00204700265235183,0.0007349180177200765,1.44220064764253e-17,0.000440973383299859,4.721320990414e-15,0.0008090721570980786,9.67396329059136e-18,0.009294543966547053,0.0015439901743060647,0.0076755668906116625,1.0,0.0
8,0.00106001870740267,0.0008188083101000609,7.73108146782681e-18,0.000231365210067321,3.50499523068398e-15,0.0008380949867890508,4.69628947275674e-17,0.009727689447544208,0.0016569032967741482,0.007876702591602225,1.0,0.0
9,1.54969787002912e-13,0.0008480280594160838,2.1963564322304e-17,6.87395019377535e-15,1.96835549162028e-15,0.0008480280594160838,1.01618542682098e-17,0.009876772697538172,0.0016960561185611622,0.007945335391923436,1.0,0.0
10,0.00408750407002577,0.00016774953032894224,1.01442952752133e-15,0.000586304489193665,5.45256114564685e-15,0.0003574227881780745,1.95310551043791e-16,0.0030891921485363127,0.0001896732572380655,0.004257625791069586,1.0,0.0
11,0.00427106012103309,0.00010154536404693992,7.06296940760341e-16,0.000672102556980335,7.45287349630114e-15,0.0004205585057070471,6.51656327640623e-17,0.003891685782548393,0.0003190131411990871,0.004796522191099939,1.0,0.0
12,0.00434952627588862,1.5833854419278204e-06,5.10286449334542e-16,0.000744281332085001,2.8653999745859e-14,0.0004898810064930537,3.24404979062335e-15,0.004797284220529718,0.0004882976207750689,0.0053527490908891195,1.0,0.0
13,0.004279860759348,0.00013060362314004648,2.50084645968084e-15,0.000786588667659321,4.30740783752964e-14,0.0005627911277140685,1.70677138871742e-15,0.005778306746549333,0.0006933947504180749,0.005909987790801097,1.0,0.0
14,0.00402546021037726,0.0002864531898250644,1.45955836443502e-15,0.000784012696925069,1.70954694627898e-14,0.0006356130845910357,1.52671928918546e-15,0.006786631149537925,0.0009220662740790919,0.0064466955918760505,1.0,0.0
15,0.00356470896203283,0.0004513639696850369,6.89968263119646e-16,0.000726249061172792,3.44142574680573e-14,0.0007039551418550616,3.88954988280333e-15,0.007757572893552833,0.00115531911088107,0.006937503691005986,1.0,0.0
16,0.00289732157341099,0.0006070927604270859,2.0465374796848e-17,0.000610197724978508,5.56403068150552e-15,0.0007632041865440753,9.48253384451189e-16,0.008617621411531218,0.0013702969464340908,0.007355570091021946,1.0,0.0
17,0.00204700265245412,0.0007349180177180781,1.46184334168936e-16,0.000440973383312812,6.87278467643992e-15,0.0008090721570960802,1.97748650679168e-15,0.009294543965552293,0.0015439901743020679,0.00767556699065608,1.0,0.0
18,0.00106001870748882,0.0008188083101000609,4.23822676037583e-16,0.000231365210076739,5.52592097514265e-15,0.0008380949867870524,1.3048695018383e-15,0.009727689447544208,0.0016569032967761466,0.007876702691646642,1.0,0.0
19,1.41325319502617e-13,0.000848028059417083,2.00962801900819e-17,6.24251084851979e-15,9.04387242178784e-16,0.000848028059417083,3.3545384623291e-16,0.009876772697538172,0.0016960561185611622,0.007945335391923436,1.0,0.0
20,0.00408750407004222,0.00016774953032994144,8.61127575496612e-17,0.000586304489192678,2.92497417345855e-14,0.0003574227881770753,1.06167279015443e-15,0.0030891921485363127,0.0001896732572290727,0.0042576255909807514,1.0,0.0
21,0.004271060121102,0.00010154536404693992,2.88554796613741e-16,0.00067210255698937,1.76647840235619e-14,0.0004205585057060479,3.51583047614526e-16,0.003891685783543153,0.0003190131412010855,0.0047965219910111045,1.0,0.0
22,0.00434952627593692,1.583385442927021e-06,4.17873235730077e-16,0.000744281332085863,1.04918515281965e-14,0.0004898810064940529,2.06404988586928e-17,0.0047972842195349585,0.0004882976207720713,0.005352749290977954,1.0,0.0
23,0.00427986075938985,0.00013060362313704887,8.59369188037671e-16,0.00078658866766304,1.57352158646623e-14,0.0005627911277130693,4.5919688949729e-16,0.005778306746549333,0.00069339475039909,0.005909987890845514,1.0,0.0
24,0.00402546021041805,0.000286453189823066,1.12992225812121e-15,0.000784012696925938,1.75557946001728e-14,0.0006356130845970864,1.3393911766366e-15,0.006786631150532685,0.0009220662740820895,0.006446695491831633,1.0,0.0
25,0.00356470896203849,0.0004513639696860361,1.3818008457562e-16,0.00072624906117322,5.30643779785012e-15,0.00070395514185706,1.95808606416777e-16,0.007757572895542353,0.0011553191108891747,0.006937503590961569,1.0,0.0
26,0.00289732157338317,0.0006070927604280851,1.12226105687153e-15,0.000610197724978962,2.32282319463997e-14,0.0007632041865430761,2.97751562717673e-15,0.008617621411531218,0.0013702969464320924,0.007355570091021946,1.0,0.0
27,0.00204700265240999,0.0007349180177180781,6.04421535336987e-17,0.000440973383309412,5.16802312749975e-14,0.0008090721570960802,6.6211837038534e-15,0.009294543965552293,0.0015439901742960727,0.007675567090700497,1.0,0.0
28,0.00106001870749703,0.0008188083100980625,4.54943513552653e-16,0.000231365210074219,3.3135820476371e-14,0.0008380949867870524,3.36449109945933e-15,0.009727689447544208,0.001656903296773149,0.007876702691646642,1.0,0.0
29,1.34865209278079e-13,0.0008480280594180822,2.65532123470014e-17,6.24771501894772e-15,1.60906173368031e-14,0.000848028059417083,3.17503524014696e-16,0.009876772697538172,0.0016960561185611622,0.007945335391923436,1.0,0.0
30,0.00408750407001553,0.00016774953033094064,6.23968302902538e-16,0.000586304489191956,2.56940193947564e-14,0.0003574227881730785,5.71376238965755e-16,0.0030891921485363127,0.0001896732572310711,0.004257625691025169,1.0,0.0
31,0.00427106012101555,0.00010154536404494152,6.12681165363901e-17,0.000672102556981295,2.14382683697348e-14,0.0004205585057080463,6.60782260614341e-16,0.0038916857845379127,0.0003190131412000863,0.004796522191099939,1.0,0.0
32,0.00434952627592179,1.5833854419278204e-06,1.1086411376566e-15,0.000744281332087381,1.36633868282054e-15,0.0004898810064940529,2.17865174956689e-15,0.004797284220529718,0.0004882976207710721,0.005352749190933537,1.0,0.0
33,0.00427986075937434,0.00013060362313904728,1.06046322710576e-15,0.000786588667658816,2.05418771185781e-14,0.0005627911277100717,4.29699814142107e-16,0.005778306746549333,0.0006933947504080828,0.005909987890845514,1.0,0.0
34,0.00402546021039235,0.0002864531898210676,1.16386816227361e-15,0.000784012696924247,7.54367271774137e-14,0.0006356130845930341,4.62320577600175e-15,0.006786631148543165,0.0009220662740780927,0.006446695391787216,1.0,0.0
35,0.00356470896204705,0.0004513639696850369,4.13817734622852e-16,0.000726249061174267,6.10975164775165e-14,0.0007039551418540624,3.80900721391481e-15,0.007757572894547593,0.0011553191108780725,0.006937503691005986,1.0,0.0
36,0.00289732157345404,0.0006070927604290843,5.93947125911241e-16,0.000610197724983606,1.74847115952392e-14,0.0007632041865430761,1.6121002102687e-15,0.008617621411531218,0.0013702969464390868,0.0073555699909775285,1.0,0.0
37,0.00204700265241233,0.0007349180177180781,3.00523901554037e-16,0.000440973383306602,3.73308290746791e-14,0.0008090721570920834,1.26191646108303e-15,0.009294543964529112,0.0015439901742920759,0.0076755668906116625,1.0,0.0
38,0.00106001870747831,0.0008188083101010601,7.4597344631739e-17,0.000231365210073626,1.21805777270056e-14,0.0008380949867870524,5.14796132155063e-16,0.009727689445554688,0.0016569032967721498,0.007876702691646642,1.0,0.0
39,1.33977030858379e-13,0.0008480280594160838,3.33218949801579e-16,6.24793185938222e-15,1.87559250899513e-14,0.0008480280594160838,8.01023811625341e-16,0.009876772697538172,0.0016960561185611622,0.007945335391923436,1.0,0.0
40,0.00408750407001634,0.00016774953032694384,5.01005165224342e-17,0.000586304489194934,7.48429367525977e-14,0.0003574227881730785,5.06404407340025e-15,0.003089192147541553,0.0001896732572340687,0.004257625691025169,1.0,0.0
41,0.00427106012110898,0.00010154536404494152,2.5275484321892e-16,0.000672102556984549,2.33492424613763e-14,0.0004205585057080463,1.44886679693743e-15,0.003891685783543153,0.0003190131411980879,0.004796522091055522,1.0,0.0
42,0.00434952627599364,1.5833854419278204e-06,1.9620647367397e-16,0.000744281332090663,2.7578091719993e-14,0.0004898810064920545,4.03874118393502e-15,0.004797284220529718,0.0004882976207780665,0.005352749190933537,1.0,0.0
43,0.00427986075934533,0.00013060362314004648,3.77267310036763e-16,0.000786588667658413,4.55441619747615e-14,0.0005627911277140685,1.2401172211525e-15,0.005778306746549333,0.0006933947504110805,0.005909987990889931,1.0,0.0
44,0.00402546021040239,0.000286453189823066,8.09614631534631e-16,0.00078401269692776,1.68757152349541e-14,0.0006356130845940333,2.31916265705512e-15,0.006786631149537925,0.0009220662740820895,0.0064466955918760505,1.0,0.0
45,0.00356470896194888,0.0004513639696890337,4.68515945982982e-16,0.000726249061164611,7.19309052425732e-14,0.0007039551418580592,5.59684473788215e-15,0.007757572895542353,0.0011553191108931715,0.006937503590961569,1.0,0.0
46,0.00289732157349853,0.0006070927604270859,3.06649220312106e-16,0.00061019772498355,3.72813487980322e-14,0.0007632041865430761,4.87752403028306e-15,0.008617621411531218,0.001370296946440086,0.007355570191066363,1.0,0.0
47,0.00204700265248723,0.0007349180177190773,4.42082588798017e-16,0.00044097338331466,6.37619839739811e-14,0.0008090721570940818,3.92790692278679e-15,0.009294543964529112,0.0015439901742920759,0.0076755668906116625,1.0,0.0
48,0.00106001870749889,0.0008188083101000609,1.65639452769594e-15,0.000231365210073848,4.31288847951156e-14,0.0008380949867830556,1.17507356113284e-15,0.009727689446549448,0.0016569032967741482,0.007876702691646642,1.0,0.0
49,1.19737553205823e-13,0.000848028059417083,2.44928047028053e-17,6.12997066301579e-15,4.14774144934585e-14,0.0008480280594160838,6.09607918073025e-16,0.009876772697538172,0.0016960561185611622,0.007945335391923436,1.0,0.0
50,0.00408750406993898,0.00016774953032794304,5.54203069476648e-17,0.000586304489192535,7.30928447108259e-14,0.0003574227881750769,5.13438168934024e-15,0.003089192147541553,0.0001896732572350679,0.004257625691025169,1.0,0.0
51,0.00427106012103763,0.00010154536404494152,1.44151243337289e-16,0.000672102556983751,2.13467210487955e-14,0.0004205585057110439,1.61498689855294e-15,0.003891685783543153,0.0003190131411940911,0.004796522091055522,1.0,0.0
52,0.00434952627590556,1.5833854419278204e-06,1.32455915327414e-16,0.000744281332088503,3.16443919678999e-14,0.0004898810064930537,4.31654766184369e-15,0.004797284220529718,0.0004882976207790657,0.005352749190933537,1.0,0.0
53,0.00427986075929095,0.00013060362313904728,4.20465037434667e-16,0.000786588667657126,4.2430577280872e-14,0.0005627911277160669,1.02766780545396e-15,0.005778306746549333,0.000693394750409082,0.005909987990889931,1.0,0.0
54,0.00402546021035271,0.000286453189823066,5.12242539577328e-16,0.000784012696926645,1.36421364656247e-14,0.0006356130845950325,2.06077017429751e-15,0.006786631149537925,0.0009220662740810903,0.0064466955918760505,1.0,0.0
55,0.00356470896187975,0.0004513639696850369,5.49087837508179e-16,0.000726249061164081,6.97488128451745e-14,0.0007039551418590584,5.5769292992263e-15,0.007757572895542353,0.0011553191108931715,0.006937503590961569,1.0,0.0
56,0.00289732157342337,0.0006070927604280851,2.88983501164171e-16,0.000610197724982165,3.59444462041947e-14,0.0007632041865460737,5.12884887012878e-15,0.008617621410536458,0.0013702969464410852,0.007355570191066363,1.0,0.0
57,0.00204700265243224,0.0007349180177180781,4.55763441445595e-16,0.000440973383314423,6.14529857122931e-14,0.0008090721570930826,3.77574423007614e-15,0.009294543964529112,0.0015439901742950735,0.0076755668906116625,1.0,0.0
58,0.00106001870742777,0.0008188083101010601,1.65842274808814e-15,0.000231365210072601,4.47192467518259e-14,0.000838094986785054,1.02792699753582e-15,0.009727689446549448,0.0016569032967741482,0.007876702691646642,1.0,0.0
59,1.7757323389489e-13,0.000848028059417083,7.05815614288063e-17,7.20408975529718e-15,4.03111788740973e-14,0.0008480280594190814,6.25235675949867e-16,0.009876772697538172,0.0016960561185611622,0.007945335391923436,1.0,0.0
60,0.00408750407000441,0.00016774953033293905,7.52524822647928e-16,0.000586304489192462,3.20761212729836e-14,0.0003574227881740777,3.27615403339018e-16,0.0030891921485363127,0.0001896732572300719,0.004257625691025169,1.0,0.0
61,0.00427106012097796,0.00010154536404594072,2.42432476207206e-16,0.000672102556979449,2.25141628430736e-14,0.0004205585057090455,3.99321824521778e-16,0.0038916857845379127,0.0003190131412000863,0.004796522191099939,1.0,0.0
62,0.00434952627593121,1.5833854439262218e-06,1.13273821915436e-15,0.000744281332086717,5.05793865991644e-15,0.0004898810064940529,2.43211619463737e-15,0.004797284220529718,0.0004882976207720713,0.005352749190933537,1.0,0.0
63,0.00427986075932089,0.00013060362313804807,9.05266462378033e-16,0.000786588667658835,2.02782669128654e-14,0.0005627911277100717,4.83530452006012e-16,0.005778306746549333,0.000693394750409082,0.005909987890845514,1.0,0.0
64,0.00402546021034413,0.0002864531898190692,1.33378381852577e-15,0.000784012696924329,7.24298821874053e-14,0.0006356130845950325,4.73573749117627e-15,0.006786631148543165,0.0009220662740760943,0.006446695491831633,1.0,0.0
65,0.00356470896200943,0.0004513639696860361,3.94750387705447e-16,0.000726249061173542,5.6999028977614e-14,0.0007039551418550616,3.68617896623347e-15,0.007757572894547593,0.0011553191108770733,0.006937503691005986,1.0,0.0
66,0.00289732157340616,0.0006070927604270859,6.65197419851904e-16,0.000610197724982691,2.38352631902472e-14,0.0007632041865430761,1.53416301472593e-15,0.008617621410536458,0.00137029694643509,0.0073555699909775285,1.0,0.0
67,0.00204700265238098,0.0007349180177170789,3.22080466545185e-16,0.000440973383306501,3.83631657257383e-14,0.0008090721570930826,1.25562808848262e-15,0.009294543964529112,0.0015439901742920759,0.0076755668906116625,1.0,0.0
68,0.00106001870744923,0.0008188083100990617,2.48398341012954e-16,0.000231365210072716,9.66831866303086e-15,0.0008380949867890508,4.87894365750266e-16,0.009727689446549448,0.0016569032967711506,0.007876702691646642,1.0,0.0
69,1.58994345467178e-13,0.0008480280594160838,3.5968915291975e-16,6.68052852620393e-15,1.42581259299224e-14,0.000848028059417083,8.96274360609982e-16,0.009876772697538172,0.0016960561185611622,0.007945335391923436,1.0,0.0
70,0.00408750407000287,0.00016774953032994144,2.35713599111348e-16,0.000586304489191473,3.793851083983e-14,0.0003574227881770753,1.37864776561004e-15,0.0030891921485363127,0.0001896732572300719,0.0042576255909807514,1.0,0.0
71,0.00427106012108368,0.00010154536404693992,4.62316935358502e-16,0.000672102556988596,1.5507939984255e-14,0.0004205585057070471,3.41354277743483e-16,0.003891685783543153,0.0003190131412010855,0.0047965219910111045,1.0,0.0
72,0.00434952627586772,1.5833854439262218e-06,5.20738730024542e-16,0.000744281332084706,2.18958694491594e-14,0.0004898810064940529,3.56956624631907e-16,0.0047972842195349585,0.0004882976207720713,0.005352749290977954,1.0,0.0
73,0.004279860759338,0.00013060362313804807,7.88028314511211e-16,0.000786588667660736,7.67273614435404e-15,0.0005627911277140685,2.05286905096552e-16,0.005778306746549333,0.0006933947503980908,0.005909987890845514,1.0,0.0
74,0.00402546021038699,0.0002864531898240652,1.14570544654388e-15,0.000784012696925091,2.06367041510891e-14,0.0006356130845960872,1.28763915762525e-15,0.006786631150532685,0.0009220662740830887,0.006446695491831633,1.0,0.0
75,0.00356470896197543,0.0004513639696850369,1.04506077999288e-16,0.000726249061172473,7.44337317476473e-15,0.0007039551418560608,5.83504056704542e-17,0.007757572894547593,0.0011553191108870653,0.006937503590961569,1.0,0.0
76,0.00289732157333761,0.0006070927604280851,1.1165863596414e-15,0.000610197724978143,2.09397657633531e-14,0.0007632041865450745,3.1111350746061e-15,0.008617621411531218,0.0013702969464340908,0.007355570091021946,1.0,0.0
77,0.00204700265237786,0.0007349180177180781,7.83395361927085e-17,0.000440973383308582,5.40542003518718e-14,0.0008090721570980786,6.50629384895372e-15,0.009294543964529112,0.001543990174298071,0.007675567090700497,1.0,0.0
78,0.00106001870745662,0.0008188083100970633,5.62476463788954e-16,0.000231365210073902,3.18959539769709e-14,0.0008380949867880516,3.33889884599099e-15,0.009727689447544208,0.0016569032967741482,0.007876702691646642,1.0,0.0
79,1.78106661363753e-13,0.000848028059417083,1.14596781499929e-16,6.80228443017405e-15,8.7240056758503e-15,0.000848028059417083,1.72774392449143e-16,0.009876772697538172,0.0016960561185611622,0.007945335391923436,1.0,0.0
80,0.00408750406996239,0.00016774953032794304,9.68528388593142e-16,0.000586304489192893,1.71610230366437e-15,0.0003574227881770753,7.30701442278395e-16,0.0030891921485363127,0.0001896732572360671,0.004257625791069586,1.0,0.0
81,0.00427106012105347,0.00010154536404693992,7.05986079668698e-16,0.000672102556980853,3.63676645222244e-15,0.0004205585057090455,2.31307757236204e-17,0.003891685782548393,0.0003190131412020847,0.004796522191099939,1.0,0.0
82,0.00434952627587431,1.5833854409286197e-06,5.46689437248249e-16,0.000744281332085676,2.97216678352141e-14,0.0004898810064940529,3.13249046927228e-15,0.004797284220529718,0.0004882976207760681,0.0053527490908891195,1.0,0.0
83,0.00427986075932494,0.00013060362314104568,2.55950772644293e-15,0.00078658866765835,3.96616062475069e-14,0.0005627911277150677,1.51558927625854e-15,0.005778306747544093,0.0006933947504170757,0.005909987790801097,1.0,0.0
84,0.00402546021037144,0.000286453189823066,1.36346851167877e-15,0.000784012696924447,2.37355979055415e-14,0.0006356130845910357,1.44737263081847e-15,0.006786631149537925,0.0009220662740790919,0.0064466955918760505,1.0,0.0
85,0.00356470896201424,0.0004513639696850369,6.96624036260933e-16,0.00072624906117177,3.87383809925812e-14,0.0007039551418560608,3.87285486341295e-15,0.007757572893552833,0.00115531911088107,0.006937503691005986,1.0,0.0
86,0.0028973215733912,0.0006070927604280851,1.06759609155458e-16,0.000610197724978606,9.94901860548736e-15,0.0007632041865420769,1.12223395181722e-15,0.008617621411531218,0.0013702969464340908,0.007355570091021946,1.0,0.0
87,0.0020470026524649,0.0007349180177180781,5.88687898341739e-17,0.00044097338331284,5.9973456322665e-15,0.000809072157095081,1.97920090147692e-15,0.009294543965552293,0.0015439901743010687,0.00767556699065608,1.0,0.0
88,0.00106001870748402,0.0008188083100990617,4.01752809080398e-16,0.000231365210077106,5.53582787249374e-15,0.0008380949867870524,1.16612381101215e-15,0.009727689447544208,0.001656903296778145,0.007876702691646642,1.0,0.0
89,1.57135589262669e-13,0.000848028059417083,4.56914982737387e-17,6.51334455120667e-15,1.44697621939915e-15,0.0008480280594180822,3.16366805799481e-16,0.009876772697538172,0.0016960561185611622,0.007945335391923436,1.0,0.0
90,0.0040875040700393,0.00016774953033393825,9.5921399078866e-17,0.000586304489196504,2.36898174688083e-17,0.0003574227881730785,1.44883291561954e-16,0.0030891921485363127,0.0001896732572260751,0.004257625791069586,1.0,0.0
91,0.00427106012108441,0.00010154536404594072,3.04275410477426e-18,0.000672102556985696,3.95679582848585e-15,0.0004205585057100447,5.89772100514224e-17,0.003891685782548393,0.0003190131412000863,0.004796522191099939,1.0,0.0
92,0.00434952627584879,1.583385442927021e-06,4.26122688126733e-17,0.000744281332084413,4.19800370680956e-15,0.0004898810064930537,3.26819192368599e-17,0.0047972842195349585,0.0004882976207720713,0.005352749391022371,1.0,0.0
93,0.00427986075932478,0.00013060362313604967,8.87489358397534e-17,0.000786588667657452,1.99357674465772e-16,0.0005627911277100717,7.20553987570288e-17,0.005778306748538853,0.0006933947504070836,0.005909987890845514,1.0,0.0
94,0.00402546021036327,0.0002864531898240652,8.87775232017232e-18,0.000784012696924365,3.00947418027664e-15,0.0006356130845940333,3.20449504605247e-17,0.006786631148543165,0.0009220662740710983,0.0064466955918760505,1.0,0.0
95,0.00356470896196557,0.0004513639696860361,1.67966633440528e-17,0.000726249061170359,5.51812827202791e-15,0.0007039551418550616,1.14756023694013e-17,0.007757572893552833,0.00115531911088107,0.006937503590961569,1.0,0.0
96,0.00289732157343753,0.0006070927604290843,8.4356858250003e-17,0.000610197724979557,2.85389116852497e-16,0.0007632041865490713,4.66918441844461e-17,0.008617621409541698,0.0013702969464380876,0.0073555699909775285,1.0,0.0
97,0.00204700265235031,0.0007349180177190773,5.26430976718548e-18,0.000440973383299784,4.71123791020989e-15,0.0008090721570980786,1.78588426599097e-17,0.009294543966547053,0.0015439901743060647,0.0076755668906116625,1.0,0.0
98,0.00106001870740097,0.0008188083101000609,1.56989086444112e-17,0.000231365210067279,3.7565978973364e-15,0.0008380949867890508,6.63328441653788e-17,0.009727689447544208,0.0016569032967741482,0.007876702591602225,1.0,0.0
99,1.55459846384876e-13,0.0008480280594160838,3.17323953029879e-17,6.84359253294575e-15,1.74383077422569e-15,0.0008480280594160838,4.92803768712552e-17,0.009876772697538172,0.0016960561185611622,0.007945335391923436,1.0,0.0
100,0.00408750407003669,0.00016774953033393825,9.20532113669924e-17,0.000586304489196614,8.18166064411874e-16,0.0003574227881720793,2.19671218606825e-16,0.0030891921485363127,0.0001896732572260751,0.004257625791069586,1.0,0.5
101,0.00427106012108521,0.00010154536404594072,1.54222994475735e-17,0.000672102556985849,5.87702629617493e-15,0.0004205585057090455,8.65057808371872e-17,0.003891685782548393,0.0003190131412000863,0.004796522191099939,1.0,0.5
102,0.00434952627585276,1.583385442927021e-06,6.16062017963528e-17,0.000744281332084239,3.13662399005488e-15,0.0004898810064920545,7.06950638437384e-17,0.0047972842195349585,0.0004882976207720713,0.005352749391022371,1.0,0.5
103,0.0042798607593192,0.00013060362313604967,8.57653152226093e-17,0.000786588667657365,2.46547574023204e-16,0.0005627911277100717,1.55655856585134e-16,0.005778306748538853,0.0006933947504060844,0.005909987890845514,1.0,0.5
104,0.00402546021036345,0.0002864531898240652,1.20169623018152e-17,0.000784012696924376,2.30016201398231e-15,0.0006356130845940333,4.23025194517743e-17,0.006786631148543165,0.0009220662740710983,0.0064466955918760505,1.0,0.5
105,0.0035647089619739,0.0004513639696860361,1.4225918349136e-18,0.000726249061170228,5.57682426714085e-15,0.0007039551418550616,2.61191079615336e-17,0.007757572893552833,0.00115531911088107,0.006937503590961569,1.0,0.5
106,0.00289732157343966,0.0006070927604290843,1.04690095907079e-16,0.000610197724979503,7.36701823676744e-16,0.0007632041865490713,4.36493018379086e-17,0.008617621409541698,0.0013702969464380876,0.0073555699909775285,1.0,0.5
107,0.00204700265235183,0.0007349180177200765,1.44220064764253e-17,0.000440973383299859,4.721320990414e-15,0.0008090721570980786,9.67396329059136e-18,0.009294543966547053,0.0015439901743060647,0.0076755668906116625,1.0,0.5
108,0.00106001870740267,0.0008188083101000609,7.73108146782681e-18,0.000231365210067321,3.50499523068398e-15,0.0008380949867890508,4.69628947275674e-17,0.009727689447544208,0.0016569032967741482,0.007876702591602225,1.0,0.5
109,1.54969787002912e-13,0.0008480280594160838,2.1963564322304e-17,6.87395019377535e-15,1.96835549162028e-15,0.0008480280594160838,1.01618542682098e-17,0.009876772697538172,0.0016960561185611622,0.007945335391923436,1.0,0.5
110,0.00408750407002577,0.00016774953032894224,1.01442952752133e-15,0.000586304489193665,5.45256114564685e-15,0.0003574227881780745,1.95310551043791e-16,0.0030891921485363127,0.0001896732572380655,0.004257625791069586,1.0,0.5
111,0.00427106012103309,0.00010154536404693992,7.06296940760341e-16,0.000672102556980335,7.45287349630114e-15,0.0004205585057070471,6.51656327640623e-17,0.003891685782548393,0.0003190131411990871,0.004796522191099939,1.0,0.5
112,0.00434952627588862,1.5833854419278204e-06,5.10286449334542e-16,0.000744281332085001,2.8653999745859e-14,0.0004898810064930537,3.24404979062335e-15,0.004797284220529718,0.0004882976207750689,0.0053527490908891195,1.0,0.5
113,0.004279860759348,0.00013060362314004648,2.50084645968084e-15,0.000786588667659321,4.30740783752964e-14,0.0005627911277140685,1.70677138871742e-15,0.005778306746549333,0.0006933947504180749,0.005909987790801097,1.0,0.5
114,0.00402546021037726,0.0002864531898250644,1.45955836443502e-15,0.000784012696925069,1.70954694627898e-14,0.0006356130845910357,1.52671928918546e-15,0.006786631149537925,0.0009220662740790919,0.0064466955918760505,1.0,0.5
115,0.00356470896203283,0.0004513639696850369,6.89968263119646e-16,0.000726249061172792,3.44142574680573e-14,0.0007039551418550616,3.88954988280333e-15,0.007757572893552833,0.00115531911088107,0.006937503691005986,1.0,0.5
116,0.00289732157341099,0.0006070927604270859,2.0465374796848e-17,0.000610197724978508,5.56403068150552e-15,0.0007632041865440753,9.48253384451189e-16,0.008617621411531218,0.0013702969464340908,0.007355570091021946,1.0,0.5
117,0.00204700265245412,0.0007349180177180781,1.46184334168936e-16,0.000440973383312812,6.87278467643992e-15,0.0008090721570960802,1.97748650679168e-15,0.009294543965552293,0.0015439901743020679,0.00767556699065608,1.0,0.5
118,0.00106001870748882,0.0008188083101000609,4.23822676037583e-16,0.000231365210076739,5.52592097514265e-15,0.0008380949867870524,1.3048695018383e-15,0.009727689447544208,0.0016569032967761466,0.007876702691646642,1.0,0.5
119,1.41325319502617e-13,0.000848028059417083,2.00962801900819e-17,6.24251084851979e-15,9.04387242178784e-16,0.000848028059417083,3.3545384623291e-16,0.009876772697538172,0.0016960561185611622,0.007945335391923436,1.0,0.5
120,0.00408750407004222,0.00016774953032994144,8.61127575496612e-17,0.000586304489192678,2.92497417345855e-14,0.0003574227881770753,1.06167279015443e-15,0.0030891921485363127,0.0001896732572290727,0.0042576255909807514,1.0,0.5
121,0.004271060121102,0.00010154536404693992,2.88554796613741e-16,0.00067210255698937,1.76647840235619e-14,0.0004205585057060479,3.51583047614526e-16,0.003891685783543153,0.0003190131412010855,0.0047965219910111045,1.0,0.5
122,0.00434952627593692,1.583385442927021e-06,4.17873235730077e-16,0.000744281332085863,1.04918515281965e-14,0.0004898810064940529,2.06404988586928e-17,0.0047972842195349585,0.0004882976207720713,0.005352749290977954,1.0,0.5
123,0.00427986075938985,0.00013060362313704887,8.59369188037671e-16,0.00078658866766304,1.57352158646623e-14,0.0005627911277130693,4.5919688949729e-16,0.005778306746549333,0.00069339475039909,0.005909987890845514,1.0,0.5
124,0.00402546021041805,0.000286453189823066,1.12992225812121e-15,0.000784012696925938,1.75557946001728e-14,0.0006356130845970864,1.3393911766366e-15,0.006786631150532685,0.0009220662740820895,0.006446695491831633,1.0,0.5
125,0.00356470896203849,0.0004513639696860361,1.3818008457562e-16,0.00072624906117322,5.30643779785012e-15,0.00070395514185706,1.95808606416777e-16,0.007757572895542353,0.0011553191108891747,0.006937503590961569,1.0,0.5
126,0.00289732157338317,0.0006070927604280851,1.12226105687153e-15,0.000610197724978962,2.32282319463997e-14,0.0007632041865430761,2.97751562717673e-15,0.008617621411531218,0.0013702969464320924,0.007355570091021946,1.0,0.5
127,0.00204700265240999,0.0007349180177180781,6.04421535336987e-17,0.000440973383309412,5.16802312749975e-14,0.0008090721570960802,6.6211837038534e-15,0.009294543965552293,0.0015439901742960727,0.007675567090700497,1.0,0.5
128,0.00106001870749703,0.0008188083100980625,4.54943513552653e-16,0.000231365210074219,3.3135820476371e-14,0.0008380949867870524,3.36449109945933e-15,0.009727689447544208,0.001656903296773149,0.007876702691646642,1.0,0.5
129,1.34865209278079e-13,0.0008480280594180822,2.65532123470014e-17,6.24771501894772e-15,1.60906173368031e-14,0.000848028059417083,3.17503524014696e-16,0.009876772697538172,0.0016960561185611622,0.007945335391923436,1.0,0.5
130,0.00408750407001553,0.00016774953033094064,6.23968302902538e-16,0.000586304489191956,2.56940193947564e-14,0.0003574227881730785,5.71376238965755e-16,0.0030891921485363127,0.0001896732572310711,0.004257625691025169,1.0,0.5
131,0.00427106012101555,0.00010154536404494152,6.12681165363901e-17,0.000672102556981295,2.14382683697348e-14,0.0004205585057080463,6.60782260614341e-16,0.0038916857845379127,0.0003190131412000863,0.004796522191099939,1.0,0.5
132,0.00434952627592179,1.5833854419278204e-06,1.1086411376566e-15,0.000744281332087381,1.36633868282054e-15,0.0004898810064940529,2.17865174956689e-15,0.004797284220529718,0.0004882976207710721,0.005352749190933537,1.0,0.5
133,0.00427986075937434,0.00013060362313904728,1.06046322710576e-15,0.000786588667658816,2.05418771185781e-14,0.0005627911277100717,4.29699814142107e-16,0.005778306746549333,0.0006933947504080828,0.005909987890845514,1.0,0.5
134,0.00402546021039235,0.0002864531898210676,1.16386816227361e-15,0.000784012696924247,7.54367271774137e-14,0.0006356130845930341,4.62320577600175e-15,0.006786631148543165,0.0009220662740780927,0.006446695391787216,1.0,0.5
135,0.00356470896204705,0.0004513639696850369,4.13817734622852e-16,0.000726249061174267,6.10975164775165e-14,0.0007039551418540624,3.80900721391481e-15,0.007757572894547593,0.0011553191108780725,0.006937503691005986,1.0,0.5
136,0.00289732157345404,0.0006070927604290843,5.93947125911241e-16,0.000610197724983606,1.74847115952392e-14,0.0007632041865430761,1.6121002102687e-15,0.008617621411531218,0.0013702969464390868,0.0073555699909775285,1.0,0.5
137,0.00204700265241233,0.0007349180177180781,3.00523901554037e-16,0.000440973383306602,3.73308290746791e-14,0.0008090721570920834,1.26191646108303e-15,0.009294543964529112,0.0015439901742920759,0.0076755668906116625,1.0,0.5
138,0.00106001870747831,0.0008188083101010601,7.4597344631739e-17,0.000231365210073626,1.21805777270056e-14,0.0008380949867870524,5.14796132155063e-16,0.009727689445554688,0.0016569032967721498,0.007876702691646642,1.0,0.5
139,1.33977030858379e-13,0.0008480280594160838,3.33218949801579e-16,6.24793185938222e-15,1.87559250899513e-14,0.0008480280594160838,8.01023811625341e-16,0.009876772697538172,0.0016960561185611622,0.007945335391923436,1.0,0.5
140,0.00408750407001634,0.00016774953032694384,5.01005165224342e-17,0.000586304489194934,7.48429367525977e-14,0.0003574227881730785,5.06404407340025e-15,0.003089192147541553,0.0001896732572340687,0.004257625691025169,1.0,0.5
141,0.00427106012110898,0.00010154536404494152,2.5275484321892e-16,0.000672102556984549,2.33492424613763e-14,0.0004205585057080463,1.44886679693743e-15,0.003891685783543153,0.0003190131411980879,0.004796522091055522,1.0,0.5
142,0.00434952627599364,1.5833854419278204e-06,1.9620647367397e-16,0.000744281332090663,2.7578091719993e-14,0.0004898810064920545,4.03874118393502e-15,0.004797284220529718,0.0004882976207780665,0.005352749190933537,1.0,0.5
143,0.00427986075934533,0.00013060362314004648,3.77267310036763e-16,0.000786588667658413,4.55441619747615e-14,0.0005627911277140685,1.2401172211525e-15,0.005778306746549333,0.0006933947504110805,0.005909987990889931,1.0,0.5
144,0.00402546021040239,0.000286453189823066,8.09614631534631e-16,0.00078401269692776,1.68757152349541e-14,0.0006356130845940333,2.31916265705512e-15,0.006786631149537925,0.0009220662740820895,0.0064466955918760505,1.0,0.5
145,0.00356470896194888,0.0004513639696890337,4.68515945982982e-16,0.000726249061164611,7.19309052425732e-14,0.0007039551418580592,5.59684473788215e-15,0.007757572895542353,0.0011553191108931715,0.006937503590961569,1.0,0.5
146,0.00289732157349853,0.0006070927604270859,3.06649220312106e-16,0.00061019772498355,3.72813487980322e-14,0.0007632041865430761,4.87752403028306e-15,0.008617621411531218,0.001370296946440086,0.007355570191066363,1.0,0.5
147,0.00204700265248723,0.0007349180177190773,4.42082588798017e-16,0.00044097338331466,6.37619839739811e-14,0.0008090721570940818,3.92790692278679e-15,0.009294543964529112,0.0015439901742920759,0.0076755668906116625,1.0,0.5
148,0.00106001870749889,0.0008188083101000609,1.65639452769594e-15,0.000231365210073848,4.31288847951156e-14,0.0008380949867830556,1.17507356113284e-15,0.009727689446549448,0.0016569032967741482,0.007876702691646642,1.0,0.5
149,1.19737553205823e-13,0.000848028059417083,2.44928047028053e-17,6.12997066301579e-15,4.14774144934585e-14,0.0008480280594160838,6.09607918073025e-16,0.009876772697538172,0.0016960561185611622,0.007945335391923436,1.0,0.5
150,0.00408750406993898,0.00016774953032794304,5.54203069476648e-17,0.000586304489192535,7.30928447108259e-14,0.0003574227881750769,5.13438168934024e-15,0.003089192147541553,0.0001896732572350679,0.004257625691025169,1.0,0.5
151,0.00427106012103763,0.00010154536404494152,1.44151243337289e-16,0.000672102556983751,2.13467210487955e-14,0.0004205585057110439,1.61498689855294e-15,0.003891685783543153,0.0003190131411940911,0.004796522091055522,1.0,0.5
152,0.00434952627590556,1.5833854419278204e-06,1.32455915327414e-16,0.000744281332088503,3.16443919678999e-14,0.0004898810064930537,4.31654766184369e-15,0.004797284220529718,0.0004882976207790657,0.005352749190933537,1.0,0.5
153,0.00427986075929095,0.00013060362313904728,4.20465037434667e-16,0.000786588667657126,4.2430577280872e-14,0.0005627911277160669,1.02766780545396e-15,0.005778306746549333,0.000693394750409082,0.005909987990889931,1.0,0.5
154,0.00402546021035271,0.000286453189823066,5.12242539577328e-16,0.000784012696926645,1.36421364656247e-14,0.0006356130845950325,2.06077017429751e-15,0.006786631149537925,0.0009220662740810903,0.0064466955918760505,1.0,0.5
155,0.00356470896187975,0.0004513639696850369,5.49087837508179e-16,0.000726249061164081,6.97488128451745e-14,0.0007039551418590584,5.5769292992263e-15,0.007757572895542353,0.0011553191108931715,0.006937503590961569,1.0,0.5
156,0.00289732157342337,0.0006070927604280851,2.88983501164171e-16,0.000610197724982165,3.59444462041947e-14,0.0007632041865460737,5.12884887012878e-15,0.008617621410536458,0.0013702969464410852,0.007355570191066363,1.0,0.5
157,0.00204700265243224,0.0007349180177180781,4.55763441445595e-16,0.000440973383314423,6.14529857122931e-14,0.0008090721570930826,3.77574423007614e-15,0.009294543964529112,0.0015439901742950735,0.0076755668906116625,1.0,0.5
158,0.00106001870742777,0.0008188083101010601,1.65842274808814e-15,0.000231365210072601,4.47192467518259e-14,0.000838094986785054,1.02792699753582e-15,0.009727689446549448,0.0016569032967741482,0.007876702691646642,1.0,0.5
159,1.7757323389489e-13,0.000848028059417083,7.05815614288063e-17,7.20408975529718e-15,4.03111788740973e-14,0.0008480280594190814,6.25235675949867e-16,0.009876772697538172,0.0016960561185611622,0.007945335391923436,1.0,0.5
160,0.00408750407000441,0.00016774953033293905,7.52524822647928e-16,0.000586304489192462,3.20761212729836e-14,0.0003574227881740777,3.27615403339018e-16,0.0030891921485363127,0.0001896732572300719,0.004257625691025169,1.0,0.5
161,0.00427106012097796,0.00010154536404594072,2.42432476207206e-16,0.000672102556979449,2.25141628430736e-14,0.0004205585057090455,3.99321824521778e-16,0.0038916857845379127,0.0003190131412000863,0.004796522191099939,1.0,0.5
162,0.00434952627593121,1.5833854439262218e-06,1.13273821915436e-15,0.000744281332086717,5.05793865991644e-15,0.0004898810064940529,2.43211619463737e-15,0.004797284220529718,0.0004882976207720713,0.005352749190933537,1.0,0.5
163,0.00427986075932089,0.00013060362313804807,9.05266462378033e-16,0.000786588667658835,2.02782669128654e-14,0.0005627911277100717,4.83530452006012e-16,0.005778306746549333,0.000693394750409082,0.005909987890845514,1.0,0.5
164,0.00402546021034413,0.0002864531898190692,1.33378381852577e-15,0.000784012696924329,7.24298821874053e-14,0.0006356130845950325,4.73573749117627e-15,0.006786631148543165,0.0009220662740760943,0.006446695491831633,1.0,0.5
165,0.00356470896200943,0.0004513639696860361,3.94750387705447e-16,0.000726249061173542,5.6999028977614e-14,0.0007039551418550616,3.68617896623347e-15,0.007757572894547593,0.0011553191108770733,0.006937503691005986,1.0,0.5
166,0.00289732157340616,0.0006070927604270859,6.65197419851904e-16,0.000610197724982691,2.38352631902472e-14,0.0007632041865430761,1.53416301472593e-15,0.008617621410536458,0.00137029694643509,0.0073555699909775285,1.0,0.5
167,0.00204700265238098,0.0007349180177170789,3.22080466545185e-16,0.000440973383306501,3.83631657257383e-14,0.0008090721570930826,1.25562808848262e-15,0.009294543964529112,0.0015439901742920759,0.0076755668906116625,1.0,0.5
168,0.00106001870744923,0.0008188083100990617,2.48398341012954e-16,0.000231365210072716,9.66831866303086e-15,0.0008380949867890508,4.87894365750266e-16,0.009727689446549448,0.0016569032967711506,0.007876702691646642,1.0,0.5
169,1.58994345467178e-13,0.0008480280594160838,3.5968915291975e-16,6.68052852620393e-15,1.42581259299224e-14,0.000848028059417083,8.96274360609982e-16,0.009876772697538172,0.0016960561185611622,0.007945335391923436,1.0,0.5
170,0.00408750407000287,0.00016774953032994144,2.35713599111348e-16,0.000586304489191473,3.793851083983e-14,0.0003574227881770753,1.37864776561004e-15,0.0030891921485363127,0.0001896732572300719,0.0042576255909807514,1.0,0.5
171,0.00427106012108368,0.00010154536404693992,4.62316935358502e-16,0.000672102556988596,1.5507939984255e-14,0.0004205585057070471,3.41354277743483e-16,0.003891685783543153,0.0003190131412010855,0.0047965219910111045,1.0,0.5
172,0.00434952627586772,1.5833854439262218e-06,5.20738730024542e-16,0.000744281332084706,2.18958694491594e-14,0.0004898810064940529,3.56956624631907e-16,0.0047972842195349585,0.0004882976207720713,0.005352749290977954,1.0,0.5
173,0.004279860759338,0.00013060362313804807,7.88028314511211e-16,0.000786588667660736,7.67273614435404e-15,0.0005627911277140685,2.05286905096552e-16,0.005778306746549333,0.0006933947503980908,0.005909987890845514,1.0,0.5
174,0.00402546021038699,0.0002864531898240652,1.14570544654388e-15,0.000784012696925091,2.06367041510891e-14,0.0006356130845960872,1.28763915762525e-15,0.006786631150532685,0.0009220662740830887,0.006446695491831633,1.0,0.5
175,0.00356470896197543,0.0004513639696850369,1.04506077999288e-16,0.000726249061172473,7.44337317476473e-15,0.0007039551418560608,5.83504056704542e-17,0.007757572894547593,0.0011553191108870653,0.006937503590961569,1.0,0.5
176,0.00289732157333761,0.0006070927604280851,1.1165863596414e-15,0.000610197724978143,2.09397657633531e-14,0.0007632041865450745,3.1111350746061e-15,0.008617621411531218,0.0013702969464340908,0.007355570091021946,1.0,0.5
177,0.00204700265237786,0.0007349180177180781,7.83395361927085e-17,0.000440973383308582,5.40542003518718e-14,0.0008090721570980786,6.50629384895372e-15,0.009294543964529112,0.001543990174298071,0.007675567090700497,1.0,0.5
178,0.00106001870745662,0.0008188083100970633,5.62476463788954e-16,0.000231365210073902,3.18959539769709e-14,0.0008380949867880516,3.33889884599099e-15,0.009727689447544208,0.0016569032967741482,0.007876702691646642,1.0,0.5
179,1.78106661363753e-13,0.000848028059417083,1.14596781499929e-16,6.80228443017405e-15,8.7240056758503e-15,0.000848028059417083,1.72774392449143e-16,0.009876772697538172,0.0016960561185611622,0.007945335391923436,1.0,0.5
180,0.00408750406996239,0.00016774953032794304,9.68528388593142e-16,0.000586304489192893,1.71610230366437e-15,0.0003574227881770753,7.30701442278395e-16,0.0030891921485363127,0.0001896732572360671,0.004257625791069586,1.0,0.5
181,0.00427106012105347,0.00010154536404693992,7.05986079668698e-16,0.000672102556980853,3.63676645222244e-15,0.0004205585057090455,2.31307757236204e-17,0.003891685782548393,0.0003190131412020847,0.004796522191099939,1.0,0.5
182,0.00434952627587431,1.5833854409286197e-06,5.46689437248249e-16,0.000744281332085676,2.97216678352141e-14,0.0004898810064940529,3.13249046927228e-15,0.004797284220529718,0.0004882976207760681,0.0053527490908891195,1.0,0.5
183,0.00427986075932494,0.00013060362314104568,2.55950772644293e-15,0.00078658866765835,3.96616062475069e-14,0.0005627911277150677,1.51558927625854e-15,0.005778306747544093,0.0006933947504170757,0.005909987790801097,1.0,0.5
184,0.00402546021037144,0.000286453189823066,1.36346851167877e-15,0.000784012696924447,2.37355979055415e-14,0.0006356130845910357,1.44737263081847e-15,0.006786631149537925,0.0009220662740790919,0.0064466955918760505,1.0,0.5
185,0.00356470896201424,0.0004513639696850369,6.96624036260933e-16,0.00072624906117177,3.87383809925812e-14,0.0007039551418560608,3.87285486341295e-15,0.007757572893552833,0.00115531911088107,0.006937503691005986,1.0,0.5
186,0.0028973215733912,0.0006070927604280851,1.06759609155458e-16,0.000610197724978606,9.94901860548736e-15,0.0007632041865420769,1.12223395181722e-15,0.008617621411531218,0.0013702969464340908,0.007355570091021946,1.0,0.5
187,0.0020470026524649,0.0007349180177180781,5.88687898341739e-17,0.00044097338331284,5.9973456322665e-15,0.000809072157095081,1.97920090147692e-15,0.009294543965552293,0.0015439901743010687,0.00767556699065608,1.0,0.5
188,0.00106001870748402,0.0008188083100990617,4.01752809080398e-16,0.000231365210077106,5.53582787249374e-15,0.0008380949867870524,1.16612381101215e-15,0.009727689447544208,0.001656903296778145,0.007876702691646642,1.0,0.5
189,1.57135589262669e-13,0.000848028059417083,4.56914982737387e-17,6.51334455120667e-15,1.44697621939915e-15,0.0008480280594180822,3.16366805799481e-16,0.009876772697538172,0.0016960561185611622,0.007945335391923436,1.0,0.5
190,0.0040875040700393,0.00016774953033393825,9.5921399078866e-17,0.000586304489196504,2.36898174688083e-17,0.0003574227881730785,1.44883291561954e-16,0.0030891921485363127,0.0001896732572260751,0.004257625791069586,1.0,0.5
191,0.00427106012108441,0.00010154536404594072,3.04275410477426e-18,0.000672102556985696,3.95679582848585e-15,0.0004205585057100447,5.89772100514224e-17,0.003891685782548393,0.0003190131412000863,0.004796522191099939,1.0,0.5
192,0.00434952627584879,1.583385442927021e-06,4.26122688126733e-17,0.000744281332084413,4.19800370680956e-15,0.0004898810064930537,3.26819192368599e-17,0.0047972842195349585,0.0004882976207720713,0.005352749391022371,1.0,0.5
193,0.00427986075932478,0.00013060362313604967,8.87489358397534e-17,0.000786588667657452,1.99357674465772e-16,0.0005627911277100717,7.20553987570288e-17,0.005778306748538853,0.0006933947504070836,0.005909987890845514,1.0,0.5
194,0.00402546021036327,0.0002864531898240652,8.87775232017232e-18,0.000784012696924365,3.00947418027664e-15,0.0006356130845940333,3.20449504605247e-17,0.006786631148543165,0.0009220662740710983,0.0064466955918760505,1.0,0.5
195,0.00356470896196557,0.0004513639696860361,1.67966633440528e-17,0.000726249061170359,5.51812827202791e-15,0.0007039551418550616,1.14756023694013e-17,0.007757572893552833,0.00115531911088107,0.006937503590961569,1.0,0.5
196,0.00289732157343753,0.0006070927604290843,8.4356858250003e-17,0.000610197724979557,2.85389116852497e-16,0.0007632041865490713,4.66918441844461e-17,0.008617621409541698,0.0013702969464380876,0.0073555699909775285,1.0,0.5
197,0.00204700265235031,0.0007349180177190773,5.26430976718548e-18,0.000440973383299784,4.71123791020989e-15,0.0008090721570980786,1.78588426599097e-17,0.009294543966547053,0.0015439901743060647,0.0076755668906116625,1.0,0.5
198,0.00106001870740097,0.0008188083101000609,1.56989086444112e-17,0.000231365210067279,3.7565978973364e-15,0.0008380949867890508,6.63328441653788e-17,0.009727689447544208,0.0016569032967741482,0.007876702591602225,1.0,0.5
199,1.55459846384876e-13,0.0008480280594160838,3.17323953029879e-17,6.84359253294575e-15,1.74383077422569e-15,0.0008480280594160838,4.92803768712552e-17,0.009876772697538172,0.0016960561185611622,0.007945335391923436,1.0,0.5
200,0.00408750407003669,0.00016774953033393825,9.20532113669924e-17,0.000586304489196614,8.18166064411874e-16,0.0003574227881720793,2.19671218606825e-16,0.0030891921485363127,0.0001896732572260751,0.004257625791069586,1.0,1.0
201,0.00427106012108521,0.00010154536404594072,1.54222994475735e-17,0.000672102556985849,5.87702629617493e-15,0.0004205585057090455,8.65057808371872e-17,0.003891685782548393,0.0003190131412000863,0.004796522191099939,1.0,1.0
202,0.00434952627585276,1.583385442927021e-06,6.16062017963528e-17,0.000744281332084239,3.13662399005488e-15,0.0004898810064920545,7.06950638437384e-17,0.0047972842195349585,0.0004882976207720713,0.005352749391022371,1.0,1.0
203,0.0042798607593192,0.00013060362313604967,8.57653152226093e-17,0.000786588667657365,2.46547574023204e-16,0.0005627911277100717,1.55655856585134e-16,0.005778306748538853,0.0006933947504060844,0.005909987890845514,1.0,1.0
204,0.00402546021036345,0.0002864531898240652,1.20169623018152e-17,0.000784012696924376,2.30016201398231e-15,0.0006356130845940333,4.23025194517743e-17,0.006786631148543165,0.0009220662740710983,0.0064466955918760505,1.0,1.0
205,0.0035647089619739,0.0004513639696860361,1.4225918349136e-18,0.000726249061170228,5.57682426714085e-15,0.0007039551418550616,2.61191079615336e-17,0.007757572893552833,0.00115531911088107,0.006937503590961569,1.0,1.0
206,0.00289732157343966,0.0006070927604290843,1.04690095907079e-16,0.000610197724979503,7.36701823676744e-16,0.0007632041865490713,4.36493018379086e-17,0.008617621409541698,0.0013702969464380876,0.0073555699909775285,1.0,1.0
207,0.00204700265235183,0.0007349180177200765,1.44220064764253e-17,0.000440973383299859,4.721320990414e-15,0.0008090721570980786,9.67396329059136e-18,0.009294543966547053,0.0015439901743060647,0.0076755668906116625,1.0,1.0
208,0.00106001870740267,0.0008188083101000609,7.73108146782681e-18,0.000231365210067321,3.50499523068398e-15,0.0008380949867890508,4.69628947275674e-17,0.009727689447544208,0.0016569032967741482,0.007876702591602225,1.0,1.0
209,1.54969787002912e-13,0.0008480280594160838,2.1963564322304e-17,6.87395019377535e-15,1.96835549162028e-15,0.0008480280594160838,1.01618542682098e-17,0.009876772697538172,0.0016960561185611622,0.007945335391923436,1.0,1.0
210,0.00408750407002577,0.00016774953032894224,1.01442952752133e-15,0.000586304489193665,5.45256114564685e-15,0.0003574227881780745,1.95310551043791e-16,0.0030891921485363127,0.0001896732572380655,0.004257625791069586,1.0,1.0
211,0.00427106012103309,0.00010154536404693992,7.06296940760341e-16,0.000672102556980335,7.45287349630114e-15,0.0004205585057070471,6.51656327640623e-17,0.003891685782548393,0.0003190131411990871,0.004796522191099939,1.0,1.0
212,0.00434952627588862,1.5833854419278204e-06,5.10286449334542e-16,0.000744281332085001,2.8653999745859e-14,0.0004898810064930537,3.24404979062335e-15,0.004797284220529718,0.0004882976207750689,0.0053527490908891195,1.0,1.0
213,0.004279860759348,0.00013060362314004648,2.50084645968084e-15,0.000786588667659321,4.30740783752964e-14,0.0005627911277140685,1.70677138871742e-15,0.005778306746549333,0.0006933947504180749,0.005909987790801097,1.0,1.0
214,0.00402546021037726,0.0002864531898250644,1.45955836443502e-15,0.000784012696925069,1.70954694627898e-14,0.0006356130845910357,1.52671928918546e-15,0.006786631149537925,0.0009220662740790919,0.0064466955918760505,1.0,1.0
215,0.00356470896203283,0.0004513639696850369,6.89968263119646e-16,0.000726249061172792,3.44142574680573e-14,0.0007039551418550616,3.88954988280333e-15,0.007757572893552833,0.00115531911088107,0.006937503691005986,1.0,1.0
216,0.00289732157341099,0.0006070927604270859,2.0465374796848e-17,0.000610197724978508,5.56403068150552e-15,0.0007632041865440753,9.48253384451189e-16,0.008617621411531218,0.0013702969464340908,0.007355570091021946,1.0,1.0
217,0.00204700265245412,0.0007349180177180781,1.46184334168936e-16,0.000440973383312812,6.87278467643992e-15,0.0008090721570960802,1.97748650679168e-15,0.009294543965552293,0.0015439901743020679,0.00767556699065608,1.0,1.0
218,0.00106001870748882,0.0008188083101000609,4.23822676037583e-16,0.000231365210076739,5.52592097514265e-15,0.0008380949867870524,1.3048695018383e-15,0.009727689447544208,0.0016569032967761466,0.007876702691646642,1.0,1.0
219,1.41325319502617e-13,0.000848028059417083,2.00962801900819e-17,6.24251084851979e-15,9.04387242178784e-16,0.000848028059417083,3.3545384623291e-16,0.009876772697538172,0.0016960561185611622,0.007945335391923436,1.0,1.0
220,0.00408750407004222,0.00016774953032994144,8.61127575496612e-17,0.000586304489192678,2.92497417345855e-14,0.0003574227881770753,1.06167279015443e-15,0.0030891921485363127,0.0001896732572290727,0.0042576255909807514,1.0,1.0
221,0.004271060121102,0.00010154536404693992,2.88554796613741e-16,0.00067210255698937,1.76647840235619e-14,0.0004205585057060479,3.51583047614526e-16,0.003891685783543153,0.0003190131412010855,0.0047965219910111045,1.0,1.0
222,0.00434952627593692,1.583385442927021e-06,4.17873235730077e-16,0.000744281332085863,1.04918515281965e-14,0.0004898810064940529,2.06404988586928e-17,0.0047972842195349585,0.0004882976207720713,0.005352749290977954,1.0,1.0
223,0.00427986075938985,0.00013060362313704887,8.59369188037671e-16,0.00078658866766304,1.57352158646623e-14,0.0005627911277130693,4.5919688949729e-16,0.005778306746549333,0.00069339475039909,0.005909987890845514,1.0,1.0
224,0.00402546021041805,0.000286453189823066,1.12992225812121e-15,0.000784012696925938,1.75557946001728e-14,0.0006356130845970864,1.3393911766366e-15,0.006786631150532685,0.0009220662740820895,0.006446695491831633,1.0,1.0
225,0.00356470896203849,0.0004513639696860361,1.3818008457562e-16,0.00072624906117322,5.30643779785012e-15,0.00070395514185706,1.95808606416777e-16,0.007757572895542353,0.0011553191108891747,0.006937503590961569,1.0,1.0
226,0.00289732157338317,0.0006070927604280851,1.12226105687153e-15,0.000610197724978962,2.32282319463997e-14,0.0007632041865430761,2.97751562717673e-15,0.008617621411531218,0.0013702969464320924,0.007355570091021946,1.0,1.0
227,0.00204700265240999,0.0007349180177180781,6.04421535336987e-17,0.000440973383309412,5.16802312749975e-14,0.0008090721570960802,6.6211837038534e-15,0.009294543965552293,0.0015439901742960727,0.007675567090700497,1.0,1.0
228,0.00106001870749703,0.0008188083100980625,4.54943513552653e-16,0.000231365210074219,3.3135820476371e-14,0.0008380949867870524,3.36449109945933e-15,0.009727689447544208,0.001656903296773149,0.007876702691646642,1.0,1.0
229,1.34865209278079e-13,0.0008480280594180822,2.65532123470014e-17,6.24771501894772e-15,1.60906173368031e-14,0.000848028059417083,3.17503524014696e-16,0.009876772697538172,0.0016960561185611622,0.007945335391923436,1.0,1.0
230,0.00408750407001553,0.00016774953033094064,6.23968302902538e-16,0.000586304489191956,2.56940193947564e-14,0.0003574227881730785,5.71376238965755e-16,0.0030891921485363127,0.0001896732572310711,0.004257625691025169,1.0,1.0
231,0.00427106012101555,0.00010154536404494152,6.12681165363901e-17,0.000672102556981295,2.14382683697348e-14,0.0004205585057080463,6.60782260614341e-16,0.0038916857845379127,0.0003190131412000863,0.004796522191099939,1.0,1.0
232,0.00434952627592179,1.5833854419278204e-06,1.1086411376566e-15,0.000744281332087381,1.36633868282054e-15,0.0004898810064940529,2.17865174956689e-15,0.004797284220529718,0.0004882976207710721,0.005352749190933537,1.0,1.0
233,0.00427986075937434,0.00013060362313904728,1.06046322710576e-15,0.000786588667658816,2.05418771185781e-14,0.0005627911277100717,4.29699814142107e-16,0.005778306746549333,0.0006933947504080828,0.005909987890845514,1.0,1.0
234,0.00402546021039235,0.0002864531898210676,1.16386816227361e-15,0.000784012696924247,7.54367271774137e-14,0.0006356130845930341,4.62320577600175e-15,0.006786631148543165,0.0009220662740780927,0.006446695391787216,1.0,1.0
235,0.00356470896204705,0.0004513639696850369,4.13817734622852e-16,0.000726249061174267,6.10975164775165e-14,0.0007039551418540624,3.80900721391481e-15,0.007757572894547593,0.0011553191108780725,0.006937503691005986,1.0,1.0
236,0.00289732157345404,0.0006070927604290843,5.93947125911241e-16,0.000610197724983606,1.74847115952392e-14,0.0007632041865430761,1.6121002102687e-15,0.008617621411531218,0.0013702969464390868,0.0073555699909775285,1.0,1.0
237,0.00204700265241233,0.0007349180177180781,3.00523901554037e-16,0.000440973383306602,3.73308290746791e-14,0.0008090721570920834,1.26191646108303e-15,0.009294543964529112,0.0015439901742920759,0.0076755668906116625,1.0,1.0
238,0.00106001870747831,0.0008188083101010601,7.4597344631739e-17,0.000231365210073626,1.21805777270056e-14,0.0008380949867870524,5.14796132155063e-16,0.009727689445554688,0.0016569032967721498,0.007876702691646642,1.0,1.0
239,1.33977030858379e-13,0.0008480280594160838,3.33218949801579e-16,6.24793185938222e-15,1.87559250899513e-14,0.0008480280594160838,8.01023811625341e-16,0.009876772697538172,0.0016960561185611622,0.007945335391923436,1.0,1.0
240,0.00408750407001634,0.00016774953032694384,5.01005165224342e-17,0.000586304489194934,7.48429367525977e-14,0.0003574227881730785,5.06404407340025e-15,0.003089192147541553,0.0001896732572340687,0.004257625691025169,1.0,1.0
241,0.00427106012110898,0.00010154536404494152,2.5275484321892e-16,0.000672102556984549,2.33492424613763e-14,0.0004205585057080463,1.44886679693743e-15,0.003891685783543153,0.0003190131411980879,0.004796522091055522,1.0,1.0
242,0.00434952627599364,1.5833854419278204e-06,1.9620647367397e-16,0.000744281332090663,2.7578091719993e-14,0.0004898810064920545,4.03874118393502e-15,0.004797284220529718,0.0004882976207780665,0.005352749190933537,1.0,1.0
243,0.00427986075934533,0.00013060362314004648,3.77267310036763e-16,0.000786588667658413,4.55441619747615e-14,0.0005627911277140685,1.2401172211525e-15,0.005778306746549333,0.0006933947504110805,0.005909987990889931,1.0,1.0
244,0.00402546021040239,0.000286453189823066,8.09614631534631e-16,0.00078401269692776,1.68757152349541e-14,0.0006356130845940333,2.31916265705512e-15,0.006786631149537925,0.0009220662740820895,0.0064466955918760505,1.0,1.0
245,0.00356470896194888,0.0004513639696890337,4.68515945982982e-16,0.000726249061164611,7.19309052425732e-14,0.0007039551418580592,5.59684473788215e-15,0.007757572895542353,0.0011553191108931715,0.006937503590961569,1.0,1.0
246,0.00289732157349853,0.0006070927604270859,3.06649220312106e-16,0.00061019772498355,3.72813487980322e-14,0.0007632041865430761,4.87752403028306e-15,0.008617621411531218,0.001370296946440086,0.007355570191066363,1.0,1.0
247,0.00204700265248723,0.0007349180177190773,4.42082588798017e-16,0.00044097338331466,6.37619839739811e-14,0.0008090721570940818,3.92790692278679e-15,0.009294543964529112,0.0015439901742920759,0.0076755668906116625,1.0,1.0
248,0.00106001870749889,0.0008188083101000609,1.65639452769594e-15,0.000231365210073848,4.31288847951156e-14,0.0008380949867830556,1.17507356113284e-15,0.009727689446549448,0.0016569032967741482,0.007876702691646642,1.0,1.0
249,1.19737553205823e-13,0.000848028059417083,2.44928047028053e-17,6.12997066301579e-15,4.14774144934585e-14,0.0008480280594160838,6.09607918073025e-16,0.009876772697538172,0.0016960561185611622,0.007945335391923436,1.0,1.0
250,0.00408750406993898,0.00016774953032794304,5.54203069476648e-17,0.000586304489192535,7.30928447108259e-14,0.0003574227881750769,5.13438168934024e-15,0.003089192147541553,0.0001896732572350679,0.004257625691025169,1.0,1.0
251,0.00427106012103763,0.00010154536404494152,1.44151243337289e-16,0.000672102556983751,2.13467210487955e-14,0.0004205585057110439,1.61498689855294e-15,0.003891685783543153,0.0003190131411940911,0.004796522091055522,1.0,1.0
252,0.00434952627590556,1.5833854419278204e-06,1.32455915327414e-16,0.000744281332088503,3.16443919678999e-14,0.0004898810064930537,4.31654766184369e-15,0.004797284220529718,0.0004882976207790657,0.005352749190933537,1.0,1.0
253,0.00427986075929095,0.00013060362313904728,4.20465037434667e-16,0.000786588667657126,4.2430577280872e-14,0.0005627911277160669,1.02766780545396e-15,0.005778306746549333,0.000693394750409082,0.005909987990889931,1.0,1.0
254,0.00402546021035271,0.000286453189823066,5.12242539577328e-16,0.000784012696926645,1.36421364656247e-14,0.0006356130845950325,2.06077017429751e-15,0.006786631149537925,0.0009220662740810903,0.0064466955918760505,1.0,1.0
255,0.00356470896187975,0.0004513639696850369,5.49087837508179e-16,0.000726249061164081,6.97488128451745e-14,0.0007039551418590584,5.5769292992263e-15,0.007757572895542353,0.0011553191108931715,0.006937503590961569,1.0,1.0
256,0.00289732157342337,0.0006070927604280851,2.88983501164171e-16,0.000610197724982165,3.59444462041947e-14,0.0007632041865460737,5.12884887012878e-15,0.008617621410536458,0.0013702969464410852,0.007355570191066363,1.0,1.0
257,0.00204700265243224,0.0007349180177180781,4.55763441445595e-16,0.000440973383314423,6.14529857122931e-14,0.0008090721570930826,3.77574423007614e-15,0.009294543964529112,0.0015439901742950735,0.0076755668906116625,1.0,1.0
258,0.00106001870742777,0.0008188083101010601,1.65842274808814e-15,0.000231365210072601,4.47192467518259e-14,0.000838094986785054,1.02792699753582e-15,0.009727689446549448,0.0016569032967741482,0.007876702691646642,1.0,1.0
259,1.7757323389489e-13,0.000848028059417083,7.05815614288063e-17,7.20408975529718e-15,4.03111788740973e-14,0.0008480280594190814,6.25235675949867e-16,0.009876772697538172,0.0016960561185611622,0.007945335391923436,1.0,1.0
260,0.00408750407000441,0.00016774953033293905,7.52524822647928e-16,0.000586304489192462,3.20761212729836e-14,0.0003574227881740777,3.27615403339018e-16,0.0030891921485363127,0.0001896732572300719,0.004257625691025169,1.0,1.0
261,0.00427106012097796,0.00010154536404594072,2.42432476207206e-16,0.000672102556979449,2.25141628430736e-14,0.0004205585057090455,3.99321824521778e-16,0.0038916857845379127,0.0003190131412000863,0.004796522191099939,1.0,1.0
262,0.00434952627593121,1.5833854439262218e-06,1.13273821915436e-15,0.000744281332086717,5.05793865991644e-15,0.0004898810064940529,2.43211619463737e-15,0.004797284220529718,0.0004882976207720713,0.005352749190933537,1.0,1.0
263,0.00427986075932089,0.00013060362313804807,9.05266462378033e-16,0.000786588667658835,2.02782669128654e-14,0.0005627911277100717,4.83530452006012e-16,0.005778306746549333,0.000693394750409082,0.005909987890845514,1.0,1.0
264,0.00402546021034413,0.0002864531898190692,1.33378381852577e-15,0.000784012696924329,7.24298821874053e-14,0.0006356130845950325,4.73573749117627e-15,0.006786631148543165,0.0009220662740760943,0.006446695491831633,1.0,1.0
265,0.00356470896200943,0.0004513639696860361,3.94750387705447e-16,0.000726249061173542,5.6999028977614e-14,0.0007039551418550616,3.68617896623347e-15,0.007757572894547593,0.0011553191108770733,0.006937503691005986,1.0,1.0
266,0.00289732157340616,0.0006070927604270859,6.65197419851904e-16,0.000610197724982691,2.38352631902472e-14,0.0007632041865430761,1.53416301472593e-15,0.008617621410536458,0.00137029694643509,0.0073555699909775285,1.0,1.0
267,0.00204700265238098,0.0007349180177170789,3.22080466545185e-16,0.000440973383306501,3.83631657257383e-14,0.0008090721570930826,1.25562808848262e-15,0.009294543964529112,0.0015439901742920759,0.0076755668906116625,1.0,1.0
268,0.00106001870744923,0.0008188083100990617,2.48398341012954e-16,0.000231365210072716,9.66831866303086e-15,0.0008380949867890508,4.87894365750266e-16,0.009727689446549448,0.0016569032967711506,0.007876702691646642,1.0,1.0
269,1.58994345467178e-13,0.0008480280594160838,3.5968915291975e-16,6.68052852620393e-15,1.42581259299224e-14,0.000848028059417083,8.96274360609982e-16,0.009876772697538172,0.0016960561185611622,0.007945335391923436,1.0,1.0
270,0.00408750407000287,0.00016774953032994144,2.35713599111348e-16,0.000586304489191473,3.793851083983e-14,0.0003574227881770753,1.37864776561004e-15,0.0030891921485363127,0.0001896732572300719,0.0042576255909807514,1.0,1.0
271,0.00427106012108368,0.00010154536404693992,4.62316935358502e-16,0.000672102556988596,1.5507939984255e-14,0.0004205585057070471,3.41354277743483e-16,0.003891685783543153,0.0003190131412010855,0.0047965219910111045,1.0,1.0
272,0.00434952627586772,1.5833854439262218e-06,5.20738730024542e-16,0.000744281332084706,2.18958694491594e-14,0.0004898810064940529,3.56956624631907e-16,0.0047972842195349585,0.0004882976207720713,0.005352749290977954,1.0,1.0
273,0.004279860759338,0.00013060362313804807,7.88028314511211e-16,0.000786588667660736,7.67273614435404e-15,0.0005627911277140685,2.05286905096552e-16,0.005778306746549333,0.0006933947503980908,0.005909987890845514,1.0,1.0
274,0.00402546021038699,0.0002864531898240652,1.14570544654388e-15,0.000784012696925091,2.06367041510891e-14,0.0006356130845960872,1.28763915762525e-15,0.006786631150532685,0.0009220662740830887,0.006446695491831633,1.0,1.0
275,0.00356470896197543,0.0004513639696850369,1.04506077999288e-16,0.000726249061172473,7.44337317476473e-15,0.0007039551418560608,5.83504056704542e-17,0.007757572894547593,0.0011553191108870653,0.006937503590961569,1.0,1.0
276,0.00289732157333761,0.0006070927604280851,1.1165863596414e-15,0.000610197724978143,2.09397657633531e-14,0.0007632041865450745,3.1111350746061e-15,0.008617621411531218,0.0013702969464340908,0.007355570091021946,1.0,1.0
277,0.00204700265237786,0.0007349180177180781,7.83395361927085e-17,0.000440973383308582,5.40542003518718e-14,0.0008090721570980786,6.50629384895372e-15,0.009294543964529112,0.001543990174298071,0.007675567090700497,1.0,1.0
278,0.00106001870745662,0.0008188083100970633,5.62476463788954e-16,0.000231365210073902,3.18959539769709e-14,0.0008380949867880516,3.33889884599099e-15,0.009727689447544208,0.0016569032967741482,0.007876702691646642,1.0,1.0
279,1.78106661363753e-13,0.000848028059417083,1.14596781499929e-16,6.80228443017405e-15,8.7240056758503e-15,0.000848028059417083,1.72774392449143e-16,0.009876772697538172,0.0016960561185611622,0.007945335391923436,1.0,1.0
280,0.00408750406996239,0.00016774953032794304,9.68528388593142e-16,0.000586304489192893,1.71610230366437e-15,0.0003574227881770753,7.30701442278395e-16,0.0030891921485363127,0.0001896732572360671,0.004257625791069586,1.0,1.0
281,0.00427106012105347,0.00010154536404693992,7.05986079668698e-16,0.000672102556980853,3.63676645222244e-15,0.0004205585057090455,2.31307757236204e-17,0.003891685782548393,0.0003190131412020847,0.004796522191099939,1.0,1.0
282,0.00434952627587431,1.5833854409286197e-06,5.46689437248249e-16,0.000744281332085676,2.97216678352141e-14,0.0004898810064940529,3.13249046927228e-15,0.004797284220529718,0.0004882976207760681,0.0053527490908891195,1.0,1.0
283,0.00427986075932494,0.00013060362314104568,2.55950772644293e-15,0.00078658866765835,3.96616062475069e-14,0.0005627911277150677,1.51558927625854e-15,0.005778306747544093,0.0006933947504170757,0.005909987790801097,1.0,1.0
284,0.00402546021037144,0.000286453189823066,1.36346851167877e-15,0.000784012696924447,2.37355979055415e-14,0.0006356130845910357,1.44737263081847e-15,0.006786631149537925,0.0009220662740790919,0.0064466955918760505,1.0,1.0
285,0.00356470896201424,0.0004513639696850369,6.96624036260933e-16,0.00072624906117177,3.87383809925812e-14,0.0007039551418560608,3.87285486341295e-15,0.007757572893552833,0.00115531911088107,0.006937503691005986,1.0,1.0
286,0.0028973215733912,0.0006070927604280851,1.06759609155458e-16,0.000610197724978606,9.94901860548736e-15,0.0007632041865420769,1.12223395181722e-15,0.008617621411531218,0.0013702969464340908,0.007355570091021946,1.0,1.0
287,0.0020470026524649,0.0007349180177180781,5.88687898341739e-17,0.00044097338331284,5.9973456322665e-15,0.000809072157095081,1.97920090147692e-15,0.009294543965552293,0.0015439901743010687,0.00767556699065608,1.0,1.0
288,0.00106001870748402,0.0008188083100990617,4.01752809080398e-16,0.000231365210077106,5.53582787249374e-15,0.0008380949867870524,1.16612381101215e-15,0.009727689447544208,0.001656903296778145,0.007876702691646642,1.0,1.0
289,1.57135589262669e-13,0.000848028059417083,4.56914982737387e-17,6.51334455120667e-15,1.44697621939915e-15,0.0008480280594180822,3.16366805799481e-16,0.009876772697538172,0.0016960561185611622,0.007945335391923436,1.0,1.0
290,0.0040875040700393,0.00016774953033393825,9.5921399078866e-17,0.000586304489196504,2.36898174688083e-17,0.0003574227881730785,1.44883291561954e-16,0.0030891921485363127,0.0001896732572260751,0.004257625791069586,1.0,1.0
291,0.00427106012108441,0.00010154536404594072,3.04275410477426e-18,0.000672102556985696,3.95679582848585e-15,0.0004205585057100447,5.89772100514224e-17,0.003891685782548393,0.0003190131412000863,0.004796522191099939,1.0,1.0
292,0.00434952627584879,1.583385442927021e-06,4.26122688126733e-17,0.000744281332084413,4.19800370680956e-15,0.0004898810064930537,3.26819192368599e-17,0.0047972842195349585,0.0004882976207720713,0.005352749391022371,1.0,1.0
293,0.00427986075932478,0.00013060362313604967,8.87489358397534e-17,0.000786588667657452,1.99357674465772e-16,0.0005627911277100717,7.20553987570288e-17,0.005778306748538853,0.0006933947504070836,0.005909987890845514,1.0,1.0
294,0.00402546021036327,0.0002864531898240652,8.87775232017232e-18,0.000784012696924365,3.00947418027664e-15,0.0006356130845940333,3.20449504605247e-17,0.006786631148543165,0.0009220662740710983,0.0064466955918760505,1.0,1.0
295,0.00356470896196557,0.0004513639696860361,1.67966633440528e-17,0.000726249061170359,5.51812827202791e-15,0.0007039551418550616,1.14756023694013e-17,0.007757572893552833,0.00115531911088107,0.006937503590961569,1.0,1.0
296,0.00289732157343753,0.0006070927604290843,8.4356858250003e-17,0.000610197724979557,2.85389116852497e-16,0.0007632041865490713,4.66918441844461e-17,0.008617621409541698,0.0013702969464380876,0.0073555699909775285,1.0,1.0
297,0.00204700265235031,0.0007349180177190773,5.26430976718548e-18,0.000440973383299784,4.71123791020989e-15,0.0008090721570980786,1.78588426599097e-17,0.009294543966547053,0.0015439901743060647,0.0076755668906116625,1.0,1.0
298,0.00106001870740097,0.0008188083101000609,1.56989086444112e-17,0.000231365210067279,3.7565978973364e-15,0.0008380949867890508,6.63328441653788e-17,0.009727689447544208,0.0016569032967741482,0.007876702591602225,1.0,1.0
299,1.55459846384876e-13,0.0008480280594160838,3.17323953029879e-17,6.84359253294575e-15,1.74383077422569e-15,0.0008480280594160838,4.92803768712552e-17,0.009876772697538172,0.0016960561185611622,0.007945335391923436,1.0,1.0
300,0.00408750407003669,0.00016774953033393825,9.20532113669924e-17,0.000586304489196614,8.18166064411874e-16,0.0003574227881720793,2.19671218606825e-16,0.0030891921485363127,0.0001896732572260751,0.004257625791069586,1.0,1.5
301,0.00427106012108521,0.00010154536404594072,1.54222994475735e-17,0.000672102556985849,5.87702629617493e-15,0.0004205585057090455,8.65057808371872e-17,0.003891685782548393,0.0003190131412000863,0.004796522191099939,1.0,1.5
302,0.00434952627585276,1.583385442927021e-06,6.16062017963528e-17,0.000744281332084239,3.13662399005488e-15,0.0004898810064920545,7.06950638437384e-17,0.0047972842195349585,0.0004882976207720713,0.005352749391022371,1.0,1.5
303,0.0042798607593192,0.00013060362313604967,8.57653152226093e-17,0.000786588667657365,2.46547574023204e-16,0.0005627911277100717,1.55655856585134e-16,0.005778306748538853,0.0006933947504060844,0.005909987890845514,1.0,1.5
304,0.00402546021036345,0.0002864531898240652,1.20169623018152e-17,0.000784012696924376,2.30016201398231e-15,0.0006356130845940333,4.23025194517743e-17,0.006786631148543165,0.0009220662740710983,0.0064466955918760505,1.0,1.5
305,0.0035647089619739,0.0004513639696860361,1.4225918349136e-18,0.000726249061170228,5.57682426714085e-15,0.0007039551418550616,2.61191079615336e-17,0.007757572893552833,0.00115531911088107,0.006937503590961569,1.0,1.5
306,0.00289732157343966,0.0006070927604290843,1.04690095907079e-16,0.000610197724979503,7.36701823676744e-16,0.0007632041865490713,4.36493018379086e-17,0.008617621409541698,0.0013702969464380876,0.0073555699909775285,1.0,1.5
307,0.00204700265235183,0.0007349180177200765,1.44220064764253e-17,0.000440973383299859,4.721320990414e-15,0.0008090721570980786,9.67396329059136e-18,0.009294543966547053,0.0015439901743060647,0.0076755668906116625,1.0,1.5
308,0.00106001870740267,0.0008188083101000609,7.73108146782681e-18,0.000231365210067321,3.50499523068398e-15,0.0008380949867890508,4.69628947275674e-17,0.009727689447544208,0.0016569032967741482,0.007876702591602225,1.0,1.5
309,1.54969787002912e-13,0.0008480280594160838,2.1963564322304e-17,6.87395019377535e-15,1.96835549162028e-15,0.0008480280594160838,1.01618542682098e-17,0.009876772697538172,0.0016960561185611622,0.007945335391923436,1.0,1.5
310,0.00408750407002577,0.00016774953032894224,1.01442952752133e-15,0.000586304489193665,5.45256114564685e-15,0.0003574227881780745,1.95310551043791e-16,0.0030891921485363127,0.0001896732572380655,0.004257625791069586,1.0,1.5
311,0.00427106012103309,0.00010154536404693992,7.06296940760341e-16,0.000672102556980335,7.45287349630114e-15,0.0004205585057070471,6.51656327640623e-17,0.003891685782548393,0.0003190131411990871,0.004796522191099939,1.0,1.5
312,0.00434952627588862,1.5833854419278204e-06,5.10286449334542e-16,0.000744281332085001,2.8653999745859e-14,0.0004898810064930537,3.24404979062335e-15,0.004797284220529718,0.0004882976207750689,0.0053527490908891195,1.0,1.5
313,0.004279860759348,0.00013060362314004648,2.50084645968084e-15,0.000786588667659321,4.30740783752964e-14,0.0005627911277140685,1.70677138871742e-15,0.005778306746549333,0.0006933947504180749,0.005909987790801097,1.0,1.5
314,0.00402546021037726,0.0002864531898250644,1.45955836443502e-15,0.000784012696925069,1.70954694627898e-14,0.0006356130845910357,1.52671928918546e-15,0.006786631149537925,0.0009220662740790919,0.0064466955918760505,1.0,1.5
315,0.00356470896203283,0.0004513639696850369,6.89968263119646e-16,0.000726249061172792,3.44142574680573e-14,0.0007039551418550616,3.88954988280333e-15,0.007757572893552833,0.00115531911088107,0.006937503691005986,1.0,1.5
316,0.00289732157341099,0.0006070927604270859,2.0465374796848e-17,0.000610197724978508,5.56403068150552e-15,0.0007632041865440753,9.48253384451189e-16,0.008617621411531218,0.0013702969464340908,0.007355570091021946,1.0,1.5
317,0.00204700265245412,0.0007349180177180781,1.46184334168936e-16,0.000440973383312812,6.87278467643992e-15,0.0008090721570960802,1.97748650679168e-15,0.009294543965552293,0.0015439901743020679,0.00767556699065608,1.0,1.5
318,0.00106001870748882,0.0008188083101000609,4.23822676037583e-16,0.000231365210076739,5.52592097514265e-15,0.0008380949867870524,1.3048695018383e-15,0.009727689447544208,0.0016569032967761466,0.007876702691646642,1.0,1.5
319,1.41325319502617e-13,0.000848028059417083,2.00962801900819e-17,6.24251084851979e-15,9.04387242178784e-16,0.000848028059417083,3.3545384623291e-16,0.009876772697538172,0.0016960561185611622,0.007945335391923436,1.0,1.5
320,0.00408750407004222,0.00016774953032994144,8.61127575496612e-17,0.000586304489192678,2.92497417345855e-14,0.0003574227881770753,1.06167279015443e-15,0.0030891921485363127,0.0001896732572290727,0.0042576255909807514,1.0,1.5
321,0.004271060121102,0.00010154536404693992,2.88554796613741e-16,0.00067210255698937,1.76647840235619e-14,0.0004205585057060479,3.51583047614526e-16,0.003891685783543153,0.0003190131412010855,0.0047965219910111045,1.0,1.5
322,0.00434952627593692,1.583385442927021e-06,4.17873235730077e-16,0.000744281332085863,1.04918515281965e-14,0.0004898810064940529,2.06404988586928e-17,0.0047972842195349585,0.0004882976207720713,0.005352749290977954,1.0,1.5
323,0.00427986075938985,0.00013060362313704887,8.59369188037671e-16,0.00078658866766304,1.57352158646623e-14,0.0005627911277130693,4.5919688949729e-16,0.005778306746549333,0.00069339475039909,0.005909987890845514,1.0,1.5
324,0.00402546021041805,0.000286453189823066,1.12992225812121e-15,0.000784012696925938,1.75557946001728e-14,0.0006356130845970864,1.3393911766366e-15,0.006786631150532685,0.0009220662740820895,0.006446695491831633,1.0,1.5
325,0.00356470896203849,0.0004513639696860361,1.3818008457562e-16,0.00072624906117322,5.30643779785012e-15,0.00070395514185706,1.95808606416777e-16,0.007757572895542353,0.0011553191108891747,0.006937503590961569,1.0,1.5
326,0.00289732157338317,0.0006070927604280851,1.12226105687153e-15,0.000610197724978962,2.32282319463997e-14,0.0007632041865430761,2.97751562717673e-15,0.008617621411531218,0.0013702969464320924,0.007355570091021946,1.0,1.5
327,0.00204700265240999,0.0007349180177180781,6.04421535336987e-17,0.000440973383309412,5.16802312749975e-14,0.0008090721570960802,6.6211837038534e-15,0.009294543965552293,0.0015439901742960727,0.007675567090700497,1.0,1.5
328,0.00106001870749703,0.0008188083100980625,4.54943513552653e-16,0.000231365210074219,3.3135820476371e-14,0.0008380949867870524,3.36449109945933e-15,0.009727689447544208,0.001656903296773149,0.007876702691646642,1.0,1.5
329,1.34865209278079e-13,0.0008480280594180822,2.65532123470014e-17,6.24771501894772e-15,1.60906173368031e-14,0.000848028059417083,3.17503524014696e-16,0.009876772697538172,0.0016960561185611622,0.007945335391923436,1.0,1.5
330,0.00408750407001553,0.00016774953033094064,6.23968302902538e-16,0.000586304489191956,2.56940193947564e-14,0.0003574227881730785,5.71376238965755e-16,0.0030891921485363127,0.0001896732572310711,0.004257625691025169,1.0,1.5
331,0.00427106012101555,0.00010154536404494152,6.12681165363901e-17,0.000672102556981295,2.14382683697348e-14,0.0004205585057080463,6.60782260614341e-16,0.0038916857845379127,0.0003190131412000863,0.004796522191099939,1.0,1.5
332,0.00434952627592179,1.5833854419278204e-06,1.1086411376566e-15,0.000744281332087381,1.36633868282054e-15,0.0004898810064940529,2.17865174956689e-15,0.004797284220529718,0.0004882976207710721,0.005352749190933537,1.0,1.5
333,0.00427986075937434,0.00013060362313904728,1.06046322710576e-15,0.000786588667658816,2.05418771185781e-14,0.0005627911277100717,4.29699814142107e-16,0.005778306746549333,0.0006933947504080828,0.005909987890845514,1.0,1.5
334,0.00402546021039235,0.0002864531898210676,1.16386816227361e-15,0.000784012696924247,7.54367271774137e-14,0.0006356130845930341,4.62320577600175e-15,0.006786631148543165,0.0009220662740780927,0.006446695391787216,1.0,1.5
335,0.00356470896204705,0.0004513639696850369,4.13817734622852e-16,0.000726249061174267,6.10975164775165e-14,0.0007039551418540624,3.80900721391481e-15,0.007757572894547593,0.0011553191108780725,0.006937503691005986,1.0,1.5
336,0.00289732157345404,0.0006070927604290843,5.93947125911241e-16,0.000610197724983606,1.74847115952392e-14,0.0007632041865430761,1.6121002102687e-15,0.008617621411531218,0.0013702969464390868,0.0073555699909775285,1.0,1.5
337,0.00204700265241233,0.0007349180177180781,3.00523901554037e-16,0.000440973383306602,3.73308290746791e-14,0.0008090721570920834,1.26191646108303e-15,0.009294543964529112,0.0015439901742920759,0.0076755668906116625,1.0,1.5
338,0.00106001870747831,0.0008188083101010601,7.4597344631739e-17,0.000231365210073626,1.21805777270056e-14,0.0008380949867870524,5.14796132155063e-16,0.009727689445554688,0.0016569032967721498,0.007876702691646642,1.0,1.5
339,1.33977030858379e-13,0.0008480280594160838,3.33218949801579e-16,6.24793185938222e-15,1.87559250899513e-14,0.0008480280594160838,8.01023811625341e-16,0.009876772697538172,0.0016960561185611622,0.007945335391923436,1.0,1.5
340,0.00408750407001634,0.00016774953032694384,5.01005165224342e-17,0.000586304489194934,7.48429367525977e-14,0.0003574227881730785,5.06404407340025e-15,0.003089192147541553,0.0001896732572340687,0.004257625691025169,1.0,1.5
341,0.00427106012110898,0.00010154536404494152,2.5275484321892e-16,0.000672102556984549,2.33492424613763e-14,0.0004205585057080463,1.44886679693743e-15,0.003891685783543153,0.0003190131411980879,0.004796522091055522,1.0,1.5
342,0.00434952627599364,1.5833854419278204e-06,1.9620647367397e-16,0.000744281332090663,2.7578091719993e-14,0.0004898810064920545,4.03874118393502e-15,0.004797284220529718,0.0004882976207780665,0.005352749190933537,1.0,1.5
343,0.00427986075934533,0.00013060362314004648,3.77267310036763e-16,0.000786588667658413,4.55441619747615e-14,0.0005627911277140685,1.2401172211525e-15,0.005778306746549333,0.0006933947504110805,0.005909987990889931,1.0,1.5
344,0.00402546021040239,0.000286453189823066,8.09614631534631e-16,0.00078401269692776,1.68757152349541e-14,0.0006356130845940333,2.31916265705512e-15,0.006786631149537925,0.0009220662740820895,0.0064466955918760505,1.0,1.5
345,0.00356470896194888,0.0004513639696890337,4.68515945982982e-16,0.000726249061164611,7.19309052425732e-14,0.0007039551418580592,5.59684473788215e-15,0.007757572895542353,0.0011553191108931715,0.006937503590961569,1.0,1.5
346,0.00289732157349853,0.0006070927604270859,3.06649220312106e-16,0.00061019772498355,3.72813487980322e-14,0.0007632041865430761,4.87752403028306e-15,0.008617621411531218,0.001370296946440086,0.007355570191066363,1.0,1.5
347,0.00204700265248723,0.0007349180177190773,4.42082588798017e-16,0.00044097338331466,6.37619839739811e-14,0.0008090721570940818,3.92790692278679e-15,0.009294543964529112,0.0015439901742920759,0.0076755668906116625,1.0,1.5
348,0.00106001870749889,0.0008188083101000609,1.65639452769594e-15,0.000231365210073848,4.31288847951156e-14,0.0008380949867830556,1.17507356113284e-15,0.009727689446549448,0.0016569032967741482,0.007876702691646642,1.0,1.5
349,1.19737553205823e-13,0.000848028059417083,2.44928047028053e-17,6.12997066301579e-15,4.14774144934585e-14,0.0008480280594160838,6.09607918073025e-16,0.009876772697538172,0.0016960561185611622,0.007945335391923436,1.0,1.5
350,0.00408750406993898,0.00016774953032794304,5.54203069476648e-17,0.000586304489192535,7.30928447108259e-14,0.0003574227881750769,5.13438168934024e-15,0.003089192147541553,0.0001896732572350679,0.004257625691025169,1.0,1.5
351,0.00427106012103763,0.00010154536404494152,1.44151243337289e-16,0.000672102556983751,2.13467210487955e-14,0.0004205585057110439,1.61498689855294e-15,0.003891685783543153,0.0003190131411940911,0.004796522091055522,1.0,1.5
352,0.00434952627590556,1.5833854419278204e-06,1.32455915327414e-16,0.000744281332088503,3.16443919678999e-14,0.0004898810064930537,4.31654766184369e-15,0.004797284220529718,0.0004882976207790657,0.005352749190933537,1.0,1.5
353,0.00427986075929095,0.00013060362313904728,4.20465037434667e-16,0.000786588667657126,4.2430577280872e-14,0.0005627911277160669,1.02766780545396e-15,0.005778306746549333,0.000693394750409082,0.005909987990889931,1.0,1.5
354,0.00402546021035271,0.000286453189823066,5.12242539577328e-16,0.000784012696926645,1.36421364656247e-14,0.0006356130845950325,2.06077017429751e-15,0.006786631149537925,0.0009220662740810903,0.0064466955918760505,1.0,1.5
355,0.00356470896187975,0.0004513639696850369,5.49087837508179e-16,0.000726249061164081,6.97488128451745e-14,0.0007039551418590584,5.5769292992263e-15,0.007757572895542353,0.0011553191108931715,0.006937503590961569,1.0,1.5
356,0.00289732157342337,0.0006070927604280851,2.88983501164171e-16,0.000610197724982165,3.59444462041947e-14,0.0007632041865460737,5.12884887012878e-15,0.008617621410536458,0.0013702969464410852,0.007355570191066363,1.0,1.5
357,0.00204700265243224,0.0007349180177180781,4.55763441445595e-16,0.000440973383314423,6.14529857122931e-14,0.0008090721570930826,3.77574423007614e-15,0.009294543964529112,0.0015439901742950735,0.0076755668906116625,1.0,1.5
358,0.00106001870742777,0.0008188083101010601,1.65842274808814e-15,0.000231365210072601,4.47192467518259e-14,0.000838094986785054,1.02792699753582e-15,0.009727689446549448,0.0016569032967741482,0.007876702691646642,1.0,1.5
359,1.7757323389489e-13,0.000848028059417083,7.05815614288063e-17,7.20408975529718e-15,4.03111788740973e-14,0.0008480280594190814,6.25235675949867e-16,0.009876772697538172,0.0016960561185611622,0.007945335391923436,1.0,1.5
360,0.00408750407000441,0.00016774953033293905,7.52524822647928e-16,0.000586304489192462,3.20761212729836e-14,0.0003574227881740777,3.27615403339018e-16,0.0030891921485363127,0.0001896732572300719,0.004257625691025169,1.0,1.5
361,0.00427106012097796,0.00010154536404594072,2.42432476207206e-16,0.000672102556979449,2.25141628430736e-14,0.0004205585057090455,3.99321824521778e-16,0.0038916857845379127,0.0003190131412000863,0.004796522191099939,1.0,1.5
362,0.00434952627593121,1.5833854439262218e-06,1.13273821915436e-15,0.000744281332086717,5.05793865991644e-15,0.0004898810064940529,2.43211619463737e-15,0.004797284220529718,0.0004882976207720713,0.005352749190933537,1.0,1.5
363,0.00427986075932089,0.00013060362313804807,9.05266462378033e-16,0.000786588667658835,2.02782669128654e-14,0.0005627911277100717,4.83530452006012e-16,0.005778306746549333,0.000693394750409082,0.005909987890845514,1.0,1.5
364,0.00402546021034413,0.0002864531898190692,1.33378381852577e-15,0.000784012696924329,7.24298821874053e-14,0.0006356130845950325,4.73573749117627e-15,0.006786631148543165,0.0009220662740760943,0.006446695491831633,1.0,1.5
365,0.00356470896200943,0.0004513639696860361,3.94750387705447e-16,0.000726249061173542,5.6999028977614e-14,0.0007039551418550616,3.68617896623347e-15,0.007757572894547593,0.0011553191108770733,0.006937503691005986,1.0,1.5
366,0.00289732157340616,0.0006070927604270859,6.65197419851904e-16,0.000610197724982691,2.38352631902472e-14,0.0007632041865430761,1.53416301472593e-15,0.008617621410536458,0.00137029694643509,0.0073555699909775285,1.0,1.5
367,0.00204700265238098,0.0007349180177170789,3.22080466545185e-16,0.000440973383306501,3.83631657257383e-14,0.0008090721570930826,1.25562808848262e-15,0.009294543964529112,0.0015439901742920759,0.0076755668906116625,1.0,1.5
368,0.00106001870744923,0.0008188083100990617,2.48398341012954e-16,0.000231365210072716,9.66831866303086e-15,0.0008380949867890508,4.87894365750266e-16,0.009727689446549448,0.0016569032967711506,0.007876702691646642,1.0,1.5
369,1.58994345467178e-13,0.0008480280594160838,3.5968915291975e-16,6.68052852620393e-15,1.42581259299224e-14,0.000848028059417083,8.96274360609982e-16,0.009876772697538172,0.0016960561185611622,0.007945335391923436,1.0,1.5
370,0.00408750407000287,0.00016774953032994144,2.35713599111348e-16,0.000586304489191473,3.793851083983e-14,0.0003574227881770753,1.37864776561004e-15,0.0030891921485363127,0.0001896732572300719,0.0042576255909807514,1.0,1.5
371,0.00427106012108368,0.00010154536404693992,4.62316935358502e-16,0.000672102556988596,1.5507939984255e-14,0.0004205585057070471,3.41354277743483e-16,0.003891685783543153,0.0003190131412010855,0.0047965219910111045,1.0,1.5
372,0.00434952627586772,1.5833854439262218e-06,5.20738730024542e-16,0.000744281332084706,2.18958694491594e-14,0.0004898810064940529,3.56956624631907e-16,0.0047972842195349585,0.0004882976207720713,0.005352749290977954,1.0,1.5
373,0.004279860759338,0.00013060362313804807,7.88028314511211e-16,0.000786588667660736,7.67273614435404e-15,0.0005627911277140685,2.05286905096552e-16,0.005778306746549333,0.0006933947503980908,0.005909987890845514,1.0,1.5
374,0.00402546021038699,0.0002864531898240652,1.14570544654388e-15,0.000784012696925091,2.06367041510891e-14,0.0006356130845960872,1.28763915762525e-15,0.006786631150532685,0.0009220662740830887,0.006446695491831633,1.0,1.5
375,0.00356470896197543,0.0004513639696850369,1.04506077999288e-16,0.000726249061172473,7.44337317476473e-15,0.0007039551418560608,5.83504056704542e-17,0.007757572894547593,0.0011553191108870653,0.006937503590961569,1.0,1.5
376,0.00289732157333761,0.0006070927604280851,1.1165863596414e-15,0.000610197724978143,2.09397657633531e-14,0.0007632041865450745,3.1111350746061e-15,0.008617621411531218,0.0013702969464340908,0.007355570091021946,1.0,1.5
377,0.00204700265237786,0.0007349180177180781,7.83395361927085e-17,0.000440973383308582,5.40542003518718e-14,0.0008090721570980786,6.50629384895372e-15,0.009294543964529112,0.001543990174298071,0.007675567090700497,1.0,1.5
378,0.00106001870745662,0.0008188083100970633,5.62476463788954e-16,0.000231365210073902,3.18959539769709e-14,0.0008380949867880516,3.33889884599099e-15,0.009727689447544208,0.0016569032967741482,0.007876702691646642,1.0,1.5
379,1.78106661363753e-13,0.000848028059417083,1.14596781499929e-16,6.80228443017405e-15,8.7240056758503e-15,0.000848028059417083,1.72774392449143e-16,0.009876772697538172,0.0016960561185611622,0.007945335391923436,1.0,1.5
380,0.00408750406996239,0.00016774953032794304,9.68528388593142e-16,0.000586304489192893,1.71610230366437e-15,0.0003574227881770753,7.30701442278395e-16,0.0030891921485363127,0.0001896732572360671,0.004257625791069586,1.0,1.5
381,0.00427106012105347,0.00010154536404693992,7.05986079668698e-16,0.000672102556980853,3.63676645222244e-15,0.0004205585057090455,2.31307757236204e-17,0.003891685782548393,0.0003190131412020847,0.004796522191099939,1.0,1.5
382,0.00434952627587431,1.5833854409286197e-06,5.46689437248249e-16,0.000744281332085676,2.97216678352141e-14,0.0004898810064940529,3.13249046927228e-15,0.004797284220529718,0.0004882976207760681,0.0053527490908891195,1.0,1.5
383,0.00427986075932494,0.00013060362314104568,2.55950772644293e-15,0.00078658866765835,3.96616062475069e-14,0.0005627911277150677,1.51558927625854e-15,0.005778306747544093,0.0006933947504170757,0.005909987790801097,1.0,1.5
384,0.00402546021037144,0.000286453189823066,1.36346851167877e-15,0.000784012696924447,2.37355979055415e-14,0.0006356130845910357,1.44737263081847e-15,0.006786631149537925,0.0009220662740790919,0.0064466955918760505,1.0,1.5
385,0.00356470896201424,0.0004513639696850369,6.96624036260933e-16,0.00072624906117177,3.87383809925812e-14,0.0007039551418560608,3.87285486341295e-15,0.007757572893552833,0.00115531911088107,0.006937503691005986,1.0,1.5
386,0.0028973215733912,0.0006070927604280851,1.06759609155458e-16,0.000610197724978606,9.94901860548736e-15,0.0007632041865420769,1.12223395181722e-15,0.008617621411531218,0.0013702969464340908,0.007355570091021946,1.0,1.5
387,0.0020470026524649,0.0007349180177180781,5.88687898341739e-17,0.00044097338331284,5.9973456322665e-15,0.000809072157095081,1.97920090147692e-15,0.009294543965552293,0.0015439901743010687,0.00767556699065608,1.0,1.5
388,0.00106001870748402,0.0008188083100990617,4.01752809080398e-16,0.000231365210077106,5.53582787249374e-15,0.0008380949867870524,1.16612381101215e-15,0.009727689447544208,0.001656903296778145,0.007876702691646642,1.0,1.5
389,1.57135589262669e-13,0.000848028059417083,4.56914982737387e-17,6.51334455120667e-15,1.44697621939915e-15,0.0008480280594180822,3.16366805799481e-16,0.009876772697538172,0.0016960561185611622,0.007945335391923436,1.0,1.5
390,0.0040875040700393,0.00016774953033393825,9.5921399078866e-17,0.000586304489196504,2.36898174688083e-17,0.0003574227881730785,1.44883291561954e-16,0.0030891921485363127,0.0001896732572260751,0.004257625791069586,1.0,1.5
391,0.00427106012108441,0.00010154536404594072,3.04275410477426e-18,0.000672102556985696,3.95679582848585e-15,0.0004205585057100447,5.89772100514224e-17,0.003891685782548393,0.0003190131412000863,0.004796522191099939,1.0,1.5
392,0.00434952627584879,1.583385442927021e-06,4.26122688126733e-17,0.000744281332084413,4.19800370680956e-15,0.0004898810064930537,3.26819192368599e-17,0.0047972842195349585,0.0004882976207720713,0.005352749391022371,1.0,1.5
393,0.00427986075932478,0.00013060362313604967,8.87489358397534e-17,0.000786588667657452,1.99357674465772e-16,0.0005627911277100717,7.20553987570288e-17,0.005778306748538853,0.0006933947504070836,0.005909987890845514,1.0,1.5
394,0.00402546021036327,0.0002864531898240652,8.87775232017232e-18,0.000784012696924365,3.00947418027664e-15,0.0006356130845940333,3.20449504605247e-17,0.006786631148543165,0.0009220662740710983,0.0064466955918760505,1.0,1.5
395,0.00356470896196557,0.0004513639696860361,1.67966633440528e-17,0.000726249061170359,5.51812827202791e-15,0.0007039551418550616,1.14756023694013e-17,0.007757572893552833,0.00115531911088107,0.006937503590961569,1.0,1.5
396,0.00289732157343753,0.0006070927604290843,8.4356858250003e-17,0.000610197724979557,2.85389116852497e-16,0.0007632041865490713,4.66918441844461e-17,0.008617621409541698,0.0013702969464380876,0.0073555699909775285,1.0,1.5
397,0.00204700265235031,0.0007349180177190773,5.26430976718548e-18,0.000440973383299784,4.71123791020989e-15,0.0008090721570980786,1.78588426599097e-17,0.009294543966547053,0.0015439901743060647,0.0076755668906116625,1.0,1.5
398,0.00106001870740097,0.0008188083101000609,1.56989086444112e-17,0.000231365210067279,3.7565978973364e-15,0.0008380949867890508,6.63328441653788e-17,0.009727689447544208,0.0016569032967741482,0.007876702591602225,1.0,1.5
399,1.55459846384876e-13,0.0008480280594160838,3.17323953029879e-17,6.84359253294575e-15,1.74383077422569e-15,0.0008480280594160838,4.92803768712552e-17,0.009876772697538172,0.0016960561185611622,0.007945335391923436,1.0,1.5
400,0.00408750407003669,0.00016774953033393825,9.20532113669924e-17,0.000586304489196614,8.18166064411874e-16,0.0003574227881720793,2.19671218606825e-16,0.0030891921485363127,0.0001896732572260751,0.004257625791069586,1.0,2.0
401,0.00427106012108521,0.00010154536404594072,1.54222994475735e-17,0.000672102556985849,5.87702629617493e-15,0.0004205585057090455,8.65057808371872e-17,0.003891685782548393,0.0003190131412000863,0.004796522191099939,1.0,2.0
402,0.00434952627585276,1.583385442927021e-06,6.16062017963528e-17,0.000744281332084239,3.13662399005488e-15,0.0004898810064920545,7.06950638437384e-17,0.0047972842195349585,0.0004882976207720713,0.005352749391022371,1.0,2.0
403,0.0042798607593192,0.00013060362313604967,8.57653152226093e-17,0.000786588667657365,2.46547574023204e-16,0.0005627911277100717,1.55655856585134e-16,0.005778306748538853,0.0006933947504060844,0.005909987890845514,1.0,2.0
404,0.00402546021036345,0.0002864531898240652,1.20169623018152e-17,0.000784012696924376,2.30016201398231e-15,0.0006356130845940333,4.23025194517743e-17,0.006786631148543165,0.0009220662740710983,0.0064466955918760505,1.0,2.0
405,0.0035647089619739,0.0004513639696860361,1.4225918349136e-18,0.000726249061170228,5.57682426714085e-15,0.0007039551418550616,2.61191079615336e-17,0.007757572893552833,0.00115531911088107,0.006937503590961569,1.0,2.0
406,0.00289732157343966,0.0006070927604290843,1.04690095907079e-16,0.000610197724979503,7.36701823676744e-16,0.0007632041865490713,4.36493018379086e-17,0.008617621409541698,0.0013702969464380876,0.0073555699909775285,1.0,2.0
407,0.00204700265235183,0.0007349180177200765,1.44220064764253e-17,0.000440973383299859,4.721320990414e-15,0.0008090721570980786,9.67396329059136e-18,0.009294543966547053,0.0015439901743060647,0.0076755668906116625,1.0,2.0
408,0.00106001870740267,0.0008188083101000609,7.73108146782681e-18,0.000231365210067321,3.50499523068398e-15,0.0008380949867890508,4.69628947275674e-17,0.009727689447544208,0.0016569032967741482,0.007876702591602225,1.0,2.0
409,1.54969787002912e-13,0.0008480280594160838,2.1963564322304e-17,6.87395019377535e-15,1.96835549162028e-15,0.0008480280594160838,1.01618542682098e-17,0.009876772697538172,0.0016960561185611622,0.007945335391923436,1.0,2.0
410,0.00408750407002577,0.00016774953032894224,1.01442952752133e-15,0.000586304489193665,5.45256114564685e-15,0.0003574227881780745,1.95310551043791e-16,0.0030891921485363127,0.0001896732572380655,0.004257625791069586,1.0,2.0
411,0.00427106012103309,0.00010154536404693992,7.06296940760341e-16,0.000672102556980335,7.45287349630114e-15,0.0004205585057070471,6.51656327640623e-17,0.003891685782548393,0.0003190131411990871,0.004796522191099939,1.0,2.0
412,0.00434952627588862,1.5833854419278204e-06,5.10286449334542e-16,0.000744281332085001,2.8653999745859e-14,0.0004898810064930537,3.24404979062335e-15,0.004797284220529718,0.0004882976207750689,0.0053527490908891195,1.0,2.0
413,0.004279860759348,0.00013060362314004648,2.50084645968084e-15,0.000786588667659321,4.30740783752964e-14,0.0005627911277140685,1.70677138871742e-15,0.005778306746549333,0.0006933947504180749,0.005909987790801097,1.0,2.0
414,0.00402546021037726,0.0002864531898250644,1.45955836443502e-15,0.000784012696925069,1.70954694627898e-14,0.0006356130845910357,1.52671928918546e-15,0.006786631149537925,0.0009220662740790919,0.0064466955918760505,1.0,2.0
415,0.00356470896203283,0.0004513639696850369,6.89968263119646e-16,0.000726249061172792,3.44142574680573e-14,0.0007039551418550616,3.88954988280333e-15,0.007757572893552833,0.00115531911088107,0.006937503691005986,1.0,2.0
416,0.00289732157341099,0.0006070927604270859,2.0465374796848e-17,0.000610197724978508,5.56403068150552e-15,0.0007632041865440753,9.48253384451189e-16,0.008617621411531218,0.0013702969464340908,0.007355570091021946,1.0,2.0
417,0.00204700265245412,0.0007349180177180781,1.46184334168936e-16,0.000440973383312812,6.87278467643992e-15,0.0008090721570960802,1.97748650679168e-15,0.009294543965552293,0.0015439901743020679,0.00767556699065608,1.0,2.0
418,0.00106001870748882,0.0008188083101000609,4.23822676037583e-16,0.000231365210076739,5.52592097514265e-15,0.0008380949867870524,1.3048695018383e-15,0.009727689447544208,0.0016569032967761466,0.007876702691646642,1.0,2.0
419,1.41325319502617e-13,0.000848028059417083,2.00962801900819e-17,6.24251084851979e-15,9.04387242178784e-16,0.000848028059417083,3.3545384623291e-16,0.009876772697538172,0.0016960561185611622,0.007945335391923436,1.0,2.0
420,0.00408750407004222,0.00016774953032994144,8.61127575496612e-17,0.000586304489192678,2.92497417345855e-14,0.0003574227881770753,1.06167279015443e-15,0.0030891921485363127,0.0001896732572290727,0.0042576255909807514,1.0,2.0
421,0.004271060121102,0.00010154536404693992,2.88554796613741e-16,0.00067210255698937,1.76647840235619e-14,0.0004205585057060479,3.51583047614526e-16,0.003891685783543153,0.0003190131412010855,0.0047965219910111045,1.0,2.0
422,0.00434952627593692,1.583385442927021e-06,4.17873235730077e-16,0.000744281332085863,1.04918515281965e-14,0.0004898810064940529,2.06404988586928e-17,0.0047972842195349585,0.0004882976207720713,0.005352749290977954,1.0,2.0
423,0.00427986075938985,0.00013060362313704887,8.59369188037671e-16,0.00078658866766304,1.57352158646623e-14,0.0005627911277130693,4.5919688949729e-16,0.005778306746549333,0.00069339475039909,0.005909987890845514,1.0,2.0
424,0.00402546021041805,0.000286453189823066,1.12992225812121e-15,0.000784012696925938,1.75557946001728e-14,0.0006356130845970864,1.3393911766366e-15,0.006786631150532685,0.0009220662740820895,0.006446695491831633,1.0,2.0
425,0.00356470896203849,0.0004513639696860361,1.3818008457562e-16,0.00072624906117322,5.30643779785012e-15,0.00070395514185706,1.95808606416777e-16,0.007757572895542353,0.0011553191108891747,0.006937503590961569,1.0,2.0
426,0.00289732157338317,0.0006070927604280851,1.12226105687153e-15,0.000610197724978962,2.32282319463997e-14,0.0007632041865430761,2.97751562717673e-15,0.008617621411531218,0.0013702969464320924,0.007355570091021946,1.0,2.0
427,0.00204700265240999,0.0007349180177180781,6.04421535336987e-17,0.000440973383309412,5.16802312749975e-14,0.0008090721570960802,6.6211837038534e-15,0.009294543965552293,0.0015439901742960727,0.007675567090700497,1.0,2.0
428,0.00106001870749703,0.0008188083100980625,4.54943513552653e-16,0.000231365210074219,3.3135820476371e-14,0.0008380949867870524,3.36449109945933e-15,0.009727689447544208,0.001656903296773149,0.007876702691646642,1.0,2.0
429,1.34865209278079e-13,0.0008480280594180822,2.65532123470014e-17,6.24771501894772e-15,1.60906173368031e-14,0.000848028059417083,3.17503524014696e-16,0.009876772697538172,0.0016960561185611622,0.007945335391923436,1.0,2.0
430,0.00408750407001553,0.00016774953033094064,6.23968302902538e-16,0.000586304489191956,2.56940193947564e-14,0.0003574227881730785,5.71376238965755e-16,0.0030891921485363127,0.0001896732572310711,0.004257625691025169,1.0,2.0
431,0.00427106012101555,0.00010154536404494152,6.12681165363901e-17,0.000672102556981295,2.14382683697348e-14,0.0004205585057080463,6.60782260614341e-16,0.0038916857845379127,0.0003190131412000863,0.004796522191099939,1.0,2.0
432,0.00434952627592179,1.5833854419278204e-06,1.1086411376566e-15,0.000744281332087381,1.36633868282054e-15,0.0004898810064940529,2.17865174956689e-15,0.004797284220529718,0.0004882976207710721,0.005352749190933537,1.0,2.0
433,0.00427986075937434,0.00013060362313904728,1.06046322710576e-15,0.000786588667658816,2.05418771185781e-14,0.0005627911277100717,4.29699814142107e-16,0.005778306746549333,0.0006933947504080828,0.005909987890845514,1.0,2.0
434,0.00402546021039235,0.0002864531898210676,1.16386816227361e-15,0.000784012696924247,7.54367271774137e-14,0.0006356130845930341,4.62320577600175e-15,0.006786631148543165,0.0009220662740780927,0.006446695391787216,1.0,2.0
435,0.00356470896204705,0.0004513639696850369,4.13817734622852e-16,0.000726249061174267,6.10975164775165e-14,0.0007039551418540624,3.80900721391481e-15,0.007757572894547593,0.0011553191108780725,0.006937503691005986,1.0,2.0
436,0.00289732157345404,0.0006070927604290843,5.93947125911241e-16,0.000610197724983606,1.74847115952392e-14,0.0007632041865430761,1.6121002102687e-15,0.008617621411531218,0.0013702969464390868,0.0073555699909775285,1.0,2.0
437,0.00204700265241233,0.0007349180177180781,3.00523901554037e-16,0.000440973383306602,3.73308290746791e-14,0.0008090721570920834,1.26191646108303e-15,0.009294543964529112,0.0015439901742920759,0.0076755668906116625,1.0,2.0
438,0.00106001870747831,0.0008188083101010601,7.4597344631739e-17,0.000231365210073626,1.21805777270056e-14,0.0008380949867870524,5.14796132155063e-16,0.009727689445554688,0.0016569032967721498,0.007876702691646642,1.0,2.0
439,1.33977030858379e-13,0.0008480280594160838,3.33218949801579e-16,6.24793185938222e-15,1.87559250899513e-14,0.0008480280594160838,8.01023811625341e-16,0.009876772697538172,0.0016960561185611622,0.007945335391923436,1.0,2.0
440,0.00408750407001634,0.00016774953032694384,5.01005165224342e-17,0.000586304489194934,7.48429367525977e-14,0.0003574227881730785,5.06404407340025e-15,0.003089192147541553,0.0001896732572340687,0.004257625691025169,1.0,2.0
441,0.00427106012110898,0.00010154536404494152,2.5275484321892e-16,0.000672102556984549,2.33492424613763e-14,0.0004205585057080463,1.44886679693743e-15,0.003891685783543153,0.0003190131411980879,0.004796522091055522,1.0,2.0
442,0.00434952627599364,1.5833854419278204e-06,1.9620647367397e-16,0.000744281332090663,2.7578091719993e-14,0.0004898810064920545,4.03874118393502e-15,0.004797284220529718,0.0004882976207780665,0.005352749190933537,1.0,2.0
443,0.00427986075934533,0.00013060362314004648,3.77267310036763e-16,0.000786588667658413,4.55441619747615e-14,0.0005627911277140685,1.2401172211525e-15,0.005778306746549333,0.0006933947504110805,0.005909987990889931,1.0,2.0
444,0.00402546021040239,0.000286453189823066,8.09614631534631e-16,0.00078401269692776,1.68757152349541e-14,0.0006356130845940333,2.31916265705512e-15,0.006786631149537925,0.0009220662740820895,0.0064466955918760505,1.0,2.0
445,0.00356470896194888,0.0004513639696890337,4.68515945982982e-16,0.000726249061164611,7.19309052425732e-14,0.0007039551418580592,5.59684473788215e-15,0.007757572895542353,0.0011553191108931715,0.006937503590961569,1.0,2.0
446,0.00289732157349853,0.0006070927604270859,3.06649220312106e-16,0.00061019772498355,3.72813487980322e-14,0.0007632041865430761,4.87752403028306e-15,0.008617621411531218,0.001370296946440086,0.007355570191066363,1.0,2.0
447,0.00204700265248723,0.0007349180177190773,4.42082588798017e-16,0.00044097338331466,6.37619839739811e-14,0.0008090721570940818,3.92790692278679e-15,0.009294543964529112,0.0015439901742920759,0.0076755668906116625,1.0,2.0
448,0.00106001870749889,0.0008188083101000609,1.65639452769594e-15,0.000231365210073848,4.31288847951156e-14,0.0008380949867830556,1.17507356113284e-15,0.009727689446549448,0.0016569032967741482,0.007876702691646642,1.0,2.0
449,1.19737553205823e-13,0.000848028059417083,2.44928047028053e-17,6.12997066301579e-15,4.14774144934585e-14,0.0008480280594160838,6.09607918073025e-16,0.009876772697538172,0.0016960561185611622,0.007945335391923436,1.0,2.0
450,0.00408750406993898,0.00016774953032794304,5.54203069476648e-17,0.000586304489192535,7.30928447108259e-14,0.0003574227881750769,5.13438168934024e-15,0.003089192147541553,0.0001896732572350679,0.004257625691025169,1.0,2.0
451,0.00427106012103763,0.00010154536404494152,1.44151243337289e-16,0.000672102556983751,2.13467210487955e-14,0.0004205585057110439,1.61498689855294e-15,0.003891685783543153,0.0003190131411940911,0.004796522091055522,1.0,2.0
452,0.00434952627590556,1.5833854419278204e-06,1.32455915327414e-16,0.000744281332088503,3.16443919678999e-14,0.0004898810064930537,4.31654766184369e-15,0.004797284220529718,0.0004882976207790657,0.005352749190933537,1.0,2.0
453,0.00427986075929095,0.00013060362313904728,4.20465037434667e-16,0.000786588667657126,4.2430577280872e-14,0.0005627911277160669,1.02766780545396e-15,0.005778306746549333,0.000693394750409082,0.005909987990889931,1.0,2.0
454,0.00402546021035271,0.000286453189823066,5.12242539577328e-16,0.000784012696926645,1.36421364656247e-14,0.0006356130845950325,2.06077017429751e-15,0.006786631149537925,0.0009220662740810903,0.0064466955918760505,1.0,2.0
455,0.00356470896187975,0.0004513639696850369,5.49087837508179e-16,0.000726249061164081,6.97488128451745e-14,0.0007039551418590584,5.5769292992263e-15,0.007757572895542353,0.0011553191108931715,0.006937503590961569,1.0,2.0
456,0.00289732157342337,0.0006070927604280851,2.88983501164171e-16,0.000610197724982165,3.59444462041947e-14,0.0007632041865460737,5.12884887012878e-15,0.008617621410536458,0.0013702969464410852,0.007355570191066363,1.0,2.0
457,0.00204700265243224,0.0007349180177180781,4.55763441445595e-16,0.000440973383314423,6.14529857122931e-14,0.0008090721570930826,3.77574423007614e-15,0.009294543964529112,0.0015439901742950735,0.0076755668906116625,1.0,2.0
458,0.00106001870742777,0.0008188083101010601,1.65842274808814e-15,0.000231365210072601,4.47192467518259e-14,0.000838094986785054,1.02792699753582e-15,0.009727689446549448,0.0016569032967741482,0.007876702691646642,1.0,2.0
459,1.7757323389489e-13,0.000848028059417083,7.05815614288063e-17,7.20408975529718e-15,4.03111788740973e-14,0.0008480280594190814,6.25235675949867e-16,0.009876772697538172,0.0016960561185611622,0.007945335391923436,1.0,2.0
460,0.00408750407000441,0.00016774953033293905,7.52524822647928e-16,0.000586304489192462,3.20761212729836e-14,0.0003574227881740777,3.27615403339018e-16,0.0030891921485363127,0.0001896732572300719,0.004257625691025169,1.0,2.0
461,0.00427106012097796,0.00010154536404594072,2.42432476207206e-16,0.000672102556979449,2.25141628430736e-14,0.0004205585057090455,3.99321824521778e-16,0.0038916857845379127,0.0003190131412000863,0.004796522191099939,1.0,2.0
462,0.00434952627593121,1.5833854439262218e-06,1.13273821915436e-15,0.000744281332086717,5.05793865991644e-15,0.0004898810064940529,2.43211619463737e-15,0.004797284220529718,0.0004882976207720713,0.005352749190933537,1.0,2.0
463,0.00427986075932089,0.00013060362313804807,9.05266462378033e-16,0.000786588667658835,2.02782669128654e-14,0.0005627911277100717,4.83530452006012e-16,0.005778306746549333,0.000693394750409082,0.005909987890845514,1.0,2.0
464,0.00402546021034413,0.0002864531898190692,1.33378381852577e-15,0.000784012696924329,7.24298821874053e-14,0.0006356130845950325,4.73573749117627e-15,0.006786631148543165,0.0009220662740760943,0.006446695491831633,1.0,2.0
465,0.00356470896200943,0.0004513639696860361,3.94750387705447e-16,0.000726249061173542,5.6999028977614e-14,0.0007039551418550616,3.68617896623347e-15,0.007757572894547593,0.0011553191108770733,0.006937503691005986,1.0,2.0
466,0.00289732157340616,0.0006070927604270859,6.65197419851904e-16,0.000610197724982691,2.38352631902472e-14,0.0007632041865430761,1.53416301472593e-15,0.008617621410536458,0.00137029694643509,0.0073555699909775285,1.0,2.0
467,0.00204700265238098,0.0007349180177170789,3.22080466545185e-16,0.000440973383306501,3.83631657257383e-14,0.0008090721570930826,1.25562808848262e-15,0.009294543964529112,0.0015439901742920759,0.0076755668906116625,1.0,2.0
468,0.00106001870744923,0.0008188083100990617,2.48398341012954e-16,0.000231365210072716,9.66831866303086e-15,0.0008380949867890508,4.87894365750266e-16,0.009727689446549448,0.0016569032967711506,0.007876702691646642,1.0,2.0
469,1.58994345467178e-13,0.0008480280594160838,3.5968915291975e-16,6.68052852620393e-15,1.42581259299224e-14,0.000848028059417083,8.96274360609982e-16,0.009876772697538172,0.0016960561185611622,0.007945335391923436,1.0,2.0
470,0.00408750407000287,0.00016774953032994144,2.35713599111348e-16,0.000586304489191473,3.793851083983e-14,0.0003574227881770753,1.37864776561004e-15,0.0030891921485363127,0.0001896732572300719,0.0042576255909807514,1.0,2.0
471,0.00427106012108368,0.00010154536404693992,4.62316935358502e-16,0.000672102556988596,1.5507939984255e-14,0.0004205585057070471,3.41354277743483e-16,0.003891685783543153,0.0003190131412010855,0.0047965219910111045,1.0,2.0
472,0.00434952627586772,1.5833854439262218e-06,5.20738730024542e-16,0.000744281332084706,2.18958694491594e-14,0.0004898810064940529,3.56956624631907e-16,0.0047972842195349585,0.0004882976207720713,0.005352749290977954,1.0,2.0
473,0.004279860759338,0.00013060362313804807,7.88028314511211e-16,0.000786588667660736,7.67273614435404e-15,0.0005627911277140685,2.05286905096552e-16,0.005778306746549333,0.0006933947503980908,0.005909987890845514,1.0,2.0
474,0.00402546021038699,0.0002864531898240652,1.14570544654388e-15,0.000784012696925091,2.06367041510891e-14,0.0006356130845960872,1.28763915762525e-15,0.006786631150532685,0.0009220662740830887,0.006446695491831633,1.0,2.0
475,0.00356470896197543,0.0004513639696850369,1.04506077999288e-16,0.000726249061172473,7.44337317476473e-15,0.0007039551418560608,5.83504056704542e-17,0.007757572894547593,0.0011553191108870653,0.006937503590961569,1.0,2.0
476,0.00289732157333761,0.0006070927604280851,1.1165863596414e-15,0.000610197724978143,2.09397657633531e-14,0.0007632041865450745,3.1111350746061e-15,0.008617621411531218,0.0013702969464340908,0.007355570091021946,1.0,2.0
477,0.00204700265237786,0.0007349180177180781,7.83395361927085e-17,0.000440973383308582,5.40542003518718e-14,0.0008090721570980786,6.50629384895372e-15,0.009294543964529112,0.001543990174298071,0.007675567090700497,1.0,2.0
478,0.00106001870745662,0.0008188083100970633,5.62476463788954e-16,0.000231365210073902,3.18959539769709e-14,0.0008380949867880516,3.33889884599099e-15,0.009727689447544208,0.0016569032967741482,0.007876702691646642,1.0,2.0
479,1.78106661363753e-13,0.000848028059417083,1.14596781499929e-16,6.80228443017405e-15,8.7240056758503e-15,0.000848028059417083,1.72774392449143e-16,0.009876772697538172,0.0016960561185611622,0.007945335391923436,1.0,2.0
480,0.00408750406996239,0.00016774953032794304,9.68528388593142e-16,0.000586304489192893,1.71610230366437e-15,0.0003574227881770753,7.30701442278395e-16,0.0030891921485363127,0.0001896732572360671,0.004257625791069586,1.0,2.0
481,0.00427106012105347,0.00010154536404693992,7.05986079668698e-16,0.000672102556980853,3.63676645222244e-15,0.0004205585057090455,2.31307757236204e-17,0.003891685782548393,0.0003190131412020847,0.004796522191099939,1.0,2.0
482,0.00434952627587431,1.5833854409286197e-06,5.46689437248249e-16,0.000744281332085676,2.97216678352141e-14,0.0004898810064940529,3.13249046927228e-15,0.004797284220529718,0.0004882976207760681,0.0053527490908891195,1.0,2.0
483,0.00427986075932494,0.00013060362314104568,2.55950772644293e-15,0.00078658866765835,3.96616062475069e-14,0.0005627911277150677,1.51558927625854e-15,0.005778306747544093,0.0006933947504170757,0.005909987790801097,1.0,2.0
484,0.00402546021037144,0.000286453189823066,1.36346851167877e-15,0.000784012696924447,2.37355979055415e-14,0.0006356130845910357,1.44737263081847e-15,0.006786631149537925,0.0009220662740790919,0.0064466955918760505,1.0,2.0
485,0.00356470896201424,0.0004513639696850369,6.96624036260933e-16,0.00072624906117177,3.87383809925812e-14,0.0007039551418560608,3.87285486341295e-15,0.007757572893552833,0.00115531911088107,0.006937503691005986,1.0,2.0
486,0.0028973215733912,0.0006070927604280851,1.06759609155458e-16,0.000610197724978606,9.94901860548736e-15,0.0007632041865420769,1.12223395181722e-15,0.008617621411531218,0.0013702969464340908,0.007355570091021946,1.0,2.0
487,0.0020470026524649,0.0007349180177180781,5.88687898341739e-17,0.00044097338331284,5.9973456322665e-15,0.000809072157095081,1.97920090147692e-15,0.009294543965552293,0.0015439901743010687,0.00767556699065608,1.0,2.0
488,0.00106001870748402,0.0008188083100990617,4.01752809080398e-16,0.000231365210077106,5.53582787249374e-15,0.0008380949867870524,1.16612381101215e-15,0.009727689447544208,0.001656903296778145,0.007876702691646642,1.0,2.0
489,1.57135589262669e-13,0.000848028059417083,4.56914982737387e-17,6.51334455120667e-15,1.44697621939915e-15,0.0008480280594180822,3.16366805799481e-16,0.009876772697538172,0.0016960561185611622,0.007945335391923436,1.0,2.0
490,0.0040875040700393,0.00016774953033393825,9.5921399078866e-17,0.000586304489196504,2.36898174688083e-17,0.0003574227881730785,1.44883291561954e-16,0.0030891921485363127,0.0001896732572260751,0.004257625791069586,1.0,2.0
491,0.00427106012108441,0.00010154536404594072,3.04275410477426e-18,0.000672102556985696,3.95679582848585e-15,0.0004205585057100447,5.89772100514224e-17,0.003891685782548393,0.0003190131412000863,0.004796522191099939,1.0,2.0
492,0.00434952627584879,1.583385442927021e-06,4.26122688126733e-17,0.000744281332084413,4.19800370680956e-15,0.0004898810064930537,3.26819192368599e-17,0.0047972842195349585,0.0004882976207720713,0.005352749391022371,1.0,2.0
493,0.00427986075932478,0.00013060362313604967,8.87489358397534e-17,0.000786588667657452,1.99357674465772e-16,0.0005627911277100717,7.20553987570288e-17,0.005778306748538853,0.0006933947504070836,0.005909987890845514,1.0,2.0
494,0.00402546021036327,0.0002864531898240652,8.87775232017232e-18,0.000784012696924365,3.00947418027664e-15,0.0006356130845940333,3.20449504605247e-17,0.006786631148543165,0.0009220662740710983,0.0064466955918760505,1.0,2.0
495,0.00356470896196557,0.0004513639696860361,1.67966633440528e-17,0.000726249061170359,5.51812827202791e-15,0.0007039551418550616,1.14756023694013e-17,0.007757572893552833,0.00115531911088107,0.006937503590961569,1.0,2.0
496,0.00289732157343753,0.0006070927604290843,8.4356858250003e-17,0.000610197724979557,2.85389116852497e-16,0.0007632041865490713,4.66918441844461e-17,0.008617621409541698,0.0013702969464380876,0.0073555699909775285,1.0,2.0
497,0.00204700265235031,0.0007349180177190773,5.26430976718548e-18,0.000440973383299784,4.71123791020989e-15,0.0008090721570980786,1.78588426599097e-17,0.009294543966547053,0.0015439901743060647,0.0076755668906116625,1.0,2.0
498,0.00106001870740097,0.0008188083101000609,1.56989086444112e-17,0.000231365210067279,3.7565978973364e-15,0.0008380949867890508,6.63328441653788e-17,0.009727689447544208,0.0016569032967741482,0.007876702591602225,1.0,2.0
499,1.55459846384876e-13,0.0008480280594160838,3.17323953029879e-17,6.84359253294575e-15,1.74383077422569e-15,0.0008480280594160838,4.92803768712552e-17,0.009876772697538172,0.0016960561185611622,0.007945335391923436,1.0,2.0
500,0.00167460748216456,0.0001355989696969484,9.82595276506431e-17,0.000308386996784144,1.05866921132347e-15,0.00023713933546903876,2.2604005933723e-16,0.0021960439145516375,0.00010154036518117415,0.003501841691104346,1.0,2.5
501,0.00148994102641608,6.043899836294386e-05,2.16644558128048e-17,0.000291026412636269,4.97102630326457e-15,0.00021209489691303984,1.4643929108606e-16,0.002480091721537292,0.00015165589809007507,0.003666485190478852,1.0,2.5
502,0.00121238339457911,4.556303578040488e-06,5.66506090686619e-17,0.000252286837919884,3.02718733326962e-15,0.00015922195665707406,3.12334928970551e-17,0.0025657626245561005,0.00016377825991509276,0.00370673879115202,1.0,2.5
503,0.000665453433107612,7.372799082605574e-05,8.95150771405449e-17,0.000148057787670722,1.62630325872826e-19,9.39761275360329e-05,6.32072925900104e-17,0.002716414245554688,0.00016770411789013284,0.0038535224903171184,1.0,2.5
504,0.000233537047271655,0.00010153873028406757,7.19628604075413e-18,2.82841828925178e-05,2.19739320055784e-15,1.2916472866053574e-05,3.10886502630746e-17,0.002659263396537881,0.0001144552027640966,0.003948959991248557,1.0,2.5
505,0.000613253416606764,2.3396247215035082e-05,4.0651228721102e-18,9.75169075032808e-05,5.10903168729482e-15,0.0001331836120169183,2.00518109603511e-17,0.001176337301529884,0.00010978736552291757,0.0028926716913701966,1.0,2.5
506,0.00100626583026762,0.00021594403809693796,1.066079902579e-16,0.000238963248423322,6.32713282808228e-16,0.00026241434966994825,5.83758166588719e-17,0.001231663408447048,0.0004783583883168907,0.0011918273903575027,1.0,2.5
507,0.000703984956041697,0.0002551568906539181,1.3558032870226e-17,0.000164130565453343,4.72253394159447e-15,0.00027567781017895365,2.52890156732244e-17,0.001490285127459856,0.000530834701443883,0.001081210690244916,1.0,2.5
508,0.000361871344652128,0.0002784921901399229,1.13013253405037e-17,8.33984035712987e-05,3.39910255975004e-15,0.0002835920263209446,8.14041013958745e-17,0.001649012662454652,0.0005620842166408346,0.0010122876901732525,1.0,2.5
509,1.54761620185795e-13,0.00028622006578493675,1.65376830204298e-17,6.87980488550677e-15,2.00289410707752e-15,0.00028622006578593595,3.25616405583498e-17,0.0017024767184636858,0.0005724401319239236,0.0009888933909678599,1.0,2.5
510,0.00167461091179706,0.00013559841909094317,1.32151836341338e-07,0.000308387063317716,2.00637654993524e-06,0.000237139100562056,7.52743355393234e-08,0.002196043102543399,0.0001015406808730912,0.0035018394901271677,1.0,2.5
511,0.00148994310175555,6.0438479589919325e-05,8.43440258929222e-08,0.000291026227860151,1.27199583181505e-06,0.0002120950231660479,8.33122365263061e-08,0.0024800925725401157,0.00015165654312010446,0.003666483891720418,1.0,2.5
512,0.00120067575703714,6.863831052084102e-06,1.34555267262282e-07,0.000248957858899764,1.07735889444728e-05,0.0001598075309610647,2.15480654571689e-06,0.002589985683556506,0.00016667136169612462,0.0037266748913680203,1.0,2.5
513,0.000665452540123481,7.372804536304178e-05,1.26481916850077e-07,0.000148057223101798,5.5902001900389e-08,9.397687862205961e-05,2.93229451526615e-07,0.0027164164405348856,0.000167704923515144,0.003853522390272701,1.0,2.5
514,0.000233537704572585,0.00010153852367705829,1.92959775313894e-07,2.82844592003002e-05,5.64087962440002e-07,1.2917135681078662e-05,1.40017921043574e-07,0.0026592642765308483,0.00011445565898515753,0.0039489595910708886,1.0,2.5
515,0.000607209334905811,2.536970490207846e-05,8.75530158553853e-07,9.54089622657519e-05,5.21133362339242e-07,0.00013101100540491295,7.32987867807874e-07,0.0012034473575397442,0.00010564130121992754,0.0029122982905391837,1.0,2.5
516,0.00100626583028165,0.00021594403809693796,3.78880801922164e-16,0.000238963248421657,8.9443020047722e-15,0.00026241434967294586,3.44593501140373e-15,0.0012316634054627684,0.0004783583883118947,0.00119182749040192,1.0,2.5
517,0.000703984955954023,0.0002551568906559165,1.56847843700157e-16,0.000164130565442987,7.46817429946034e-15,0.00027567781018095205,2.05708981614169e-15,0.001490285127459856,0.0005308347014428838,0.001081210790289333,1.0,2.5
518,0.000361871344563953,0.0002784921901419213,3.72824939865769e-16,8.33984035617749e-05,7.32768880296053e-15,0.0002835920263219438,8.66475741525576e-16,0.0016490126614598921,0.0005620842166438322,0.0010122878902620869,1.0,2.5
519,1.42199620134509e-13,0.00028622006578393755,2.56460400604921e-17,6.28848102063317e-15,4.40579105316641e-16,0.00028622006578393755,3.11377781740153e-16,0.0017024767184636858,0.0005724401319239236,0.0009888933909678599,1.0,2.5
520,0.00166084763016304,0.00013470025869694036,5.54806162421222e-07,0.000305988036414812,1.59859981666789e-05,0.00023481544840603386,2.99604907185825e-06,0.002188556953541365,0.00010011518910213457,0.003497222091027652,1.0,2.5
521,0.00148642451063048,6.303232576193585e-05,2.07495233544575e-07,0.000291541404920545,3.00667625381481e-06,0.000208218226835033,2.42979088412745e-07,0.0024379281455537694,0.00014518590062106984,0.003636002891653334,1.0,2.5
522,0.00120069458638961,6.8598490580717986e-06,1.45346444470151e-07,0.000248963294792532,1.11696952107821e-05,0.00015980475243604353,1.90118070190916e-06,0.0025899505335473805,0.00016666460117509274,0.003726655890204711,1.0,2.5
523,0.000681317473999978,7.207191789604384e-05,1.2968361030433e-07,0.000152119383806864,7.07262291370597e-06,9.327993586405459e-05,9.6616836797456e-07,0.0026939608845282237,0.0001653518532771514,0.003834040791844018,1.0,2.5
524,0.000233539676470106,0.00010153790385003525,3.85916347101397e-07,2.82852881225314e-05,1.12819500860064e-06,1.2919124126042902e-05,2.80030817786327e-07,0.0026592669145486525,0.00011445702760015664,0.003948958390537882,1.0,2.5
525,0.000607200974914214,2.53714136400629e-05,6.25386757871057e-07,9.54067172565983e-05,3.72284770487779e-07,0.000131014977829913,5.2357318210675e-07,0.0012034410925423344,0.00010564356490483373,0.0029122976902726805,1.0,2.5
526,0.00100626583031853,0.00021594403809693796,9.77597993875867e-16,0.000238963248423244,3.39994010592828e-14,0.00026241434967494426,5.05303433915184e-15,0.0012316634064575283,0.0004783583883178899,0.0011918273903575027,1.0,2.5
527,0.000703984955999107,0.0002551568906549173,2.26076058237488e-16,0.000164130565446584,3.81634014754578e-14,0.00027567781017995285,4.35506902621893e-15,0.001490285127459856,0.0005308347014468806,0.0010812108903337503,1.0,2.5
528,0.000361871344542439,0.0002784921901439197,4.22248888821584e-16,8.3398403561854e-05,4.43997459241216e-14,0.0002835920263209446,4.91377365229376e-15,0.0016490126614598921,0.000562084216642833,0.0010122878902620869,1.0,2.5
529,1.34901638471074e-13,0.00028622006578293835,2.88541773482177e-17,6.27948214260154e-15,1.6005859831969e-14,0.00028622006578493675,4.38490322068712e-16,0.0017024767184636858,0.0005724401319239236,0.0009888933909678599,1.0,2.5
530,0.00165702605774704,0.00013153060376591696,1.99770814609346e-07,0.000304126378716095,3.00998800014228e-06,0.00023566363734206508,1.07347615493083e-07,0.0022161746715312347,0.00010413303297807097,0.003517796490996261,1.0,2.5
531,0.0014864165315029,6.303441719396341e-05,1.24499676561286e-07,0.000291542204308815,1.8040097037979e-06,0.0002082176294760374,1.45794252069454e-07,0.0024379241935434948,0.00014518321182011018,0.0036360078902362147,1.0,2.5
532,0.00120071399512009,6.856580268055357e-06,1.56135330184537e-07,0.000248967775646291,1.15657258992669e-05,0.00015980302463408647,1.64753455890159e-06,0.0025899198275283197,0.00016665960457906692,0.003726635990460636,1.0,2.5
533,0.000681328308700419,7.207033529305074e-05,2.56839924056466e-07,0.000152121635260457,7.08782980839802e-06,9.328060303104291e-05,6.64447675344468e-07,0.0026939488315349536,0.00016535093785408073,0.003834030190773774,1.0,2.5
534,0.000233542962909763,0.00010153687081504437,5.78866506932129e-07,2.82866696302407e-05,1.69234025671828e-06,1.292243814904337e-05,4.20033678786637e-07,0.0026592713085449304,0.00011445930859310671,0.003948956591557362,1.0,2.5
535,0.000607195401456458,2.5372552808045068e-05,3.75235604865104e-07,9.54052205605982e-05,2.23389786315313e-07,0.00013101762614392554,3.14148352189593e-07,0.0012034369135562883,0.0001056450740578585,0.002912297490183846,1.0,2.5
536,0.00100626583026604,0.00021594403809493956,5.49205151571374e-16,0.000238963248421826,2.06104393534606e-14,0.00026241434967494426,9.51212917568896e-16,0.0012316634064575283,0.0004783583883098963,0.0011918273903575027,1.0,2.5
537,0.000703984955987441,0.0002551568906539181,3.35624099855308e-16,0.000164130565447966,3.78580223810501e-14,0.00027567781018394966,1.60382639243992e-15,0.001490285128454616,0.0005308347014478798,0.001081210790289333,1.0,2.5
538,0.000361871344564354,0.0002784921901399229,3.88116425662551e-16,8.33984035629525e-05,1.61396232749994e-14,0.0002835920263219438,4.47824625147454e-16,0.001649012662454652,0.0005620842166418338,0.0010122878902620869,1.0,2.5
539,1.34332649170954e-13,0.00028622006578593595,3.3297966299398e-16,6.20684059704502e-15,1.9204581501453e-14,0.00028622006578593595,9.15319049396048e-16,0.0017024767184636858,0.0005724401319239236,0.0009888933909678599,1.0,2.5
540,0.00165701917477689,0.00013153173413893438,6.65913842471297e-08,0.000304126244479324,1.0033392171041e-06,0.0002356640922050457,3.57824286435874e-08,0.0022161762105383787,0.00010413235747508409,0.0035178009911760455,1.0,2.5
541,0.00148641254201126,6.3035462928962e-05,4.15005389414711e-08,0.000291542604016738,6.01340456073452e-07,0.00020821733078807414,4.85994827318105e-08,0.002437922214539867,0.00014518186739709282,0.0036360101912578102,1.0,2.5
542,0.00120930823331762,7.116404067086801e-06,4.22050904911903e-09,0.000250716532255891,2.21850893817601e-07,0.00016351973036005107,1.21874682321965e-07,0.002612011329546249,0.0001706361341101692,0.0037409003907669103,1.0,2.5
543,0.000687763907296718,7.268854501907285e-05,6.22563529104534e-08,0.000153651583608681,2.94017065392035e-08,9.706327281006066e-05,1.46815158711519e-07,0.00271949491255441,0.0001697518173551238,0.003851090390526224,1.0,2.5
544,0.000238960303617543,0.00010047630651605077,9.73128817851802e-08,2.9885643466729e-05,2.66706224816339e-07,9.57562929704281e-06,7.2334752400567e-08,0.002632254806542278,0.00011005193544211256,0.003930201091861818,1.0,2.5
545,0.000607192614799042,2.537312240008527e-05,1.25079801986981e-07,9.5404472216739e-05,7.44668595290356e-08,0.0001310189503049286,1.04717427037433e-07,0.0012034348245322235,0.00010564582861682936,0.002912297291914001,1.0,2.5
546,0.00100626583021296,0.00021594403809793716,4.28058687806801e-16,0.000238963248419707,3.26049544351406e-14,0.00026241434967594346,4.10669524916144e-15,0.0012316634064575283,0.0004783583883128939,0.0011918275904463371,1.0,2.5
547,0.000703984955927175,0.0002551568906539181,8.67581543038216e-16,0.000164130565442254,6.55900301519546e-14,0.00027567781018195125,4.18801210616375e-15,0.001490285128454616,0.0005308347014518766,0.001081210790289333,1.0,2.5
548,0.000361871344554578,0.0002784921901409221,1.6700258289161e-15,8.33984035643949e-05,3.94854776045866e-14,0.0002835920263259406,7.35331324368087e-16,0.001649012662454652,0.0005620842166448314,0.0010122878902620869,1.0,2.5
549,1.20241490375594e-13,0.00028622006578493675,2.28859832018639e-17,6.13072960453653e-15,4.11733093366035e-14,0.00028622006578493675,6.288965523479e-16,0.0017024767184636858,0.0005724401319239236,0.0009888933909678599,1.0,2.5
550,0.0016570191747015,0.00013153173413993358,6.65913843391397e-08,0.000304126244476697,1.00333921911969e-06,0.0002356640922070441,3.57824286061164e-08,0.0022161762105383787,0.00010413235747608329,0.0035178009911760455,1.0,2.5
551,0.00148641254194491,6.30354629299612e-05,4.15005390462796e-08,0.000291542604016131,6.01340458115181e-07,0.00020821733079007254,4.85994829050728e-08,0.002437922214539867,0.00014518186739409522,0.0036360101912578102,1.0,2.5
552,0.00120930823324027,7.116404066032089e-06,4.22050897752317e-09,0.00025071653225396,2.21850897997987e-07,0.00016351973036105028,1.21874682060027e-07,0.002612011329546249,0.0001706361341121676,0.0037409003907669103,1.0,2.5
553,0.000687763907240533,7.268854501707445e-05,6.22563529550067e-08,0.000153651583607148,2.94017102548728e-08,9.706327281205906e-05,1.46815158538168e-07,0.00271949491255441,0.0001697518173541246,0.003851090390526224,1.0,2.5
554,0.00023896030366967,0.00010047630651505157,9.73128814869492e-08,2.98856434679636e-05,2.66706228205298e-07,9.57562929804201e-06,7.23347526460015e-08,0.002632254806542278,0.00011005193544111336,0.003930201091861818,1.0,2.5
555,0.000607192614871293,2.5373122397032155e-05,1.25079801897542e-07,9.54044722167502e-05,7.4466857437962e-08,0.0001310189503039294,1.0471742702138e-07,0.0012034348245322235,0.00010564582861782856,0.002912297291914001,1.0,2.5
556,0.00100626583028963,0.00021594403809693796,4.10753804694396e-16,0.000238963248421193,3.17522971891165e-14,0.00026241434967294586,4.35741191935103e-15,0.0012316634064575283,0.0004783583883108955,0.0011918275904463371,1.0,2.5
557,0.000703984955982367,0.0002551568906539181,8.8575378788861e-16,0.000164130565442563,6.34186849085908e-14,0.00027567781018195125,4.06386587521648e-15,0.001490285128454616,0.0005308347014478798,0.001081210790289333,1.0,2.5
558,0.000361871344624334,0.0002784921901409221,1.66635732922154e-15,8.33984035657845e-05,4.08223259883156e-14,0.0002835920263239422,5.67032654012235e-16,0.001649012662454652,0.000562084216642833,0.0010122878902620869,1.0,2.5
559,1.78130080130678e-13,0.00028622006578393755,6.71807241455803e-17,7.20972760659411e-15,4.03767595530055e-14,0.00028622006578193915,6.41510566998411e-16,0.0017024767184636858,0.0005724401319239236,0.0009888933909678599,1.0,2.5
560,0.00165702605773908,0.00013153060376791537,1.9977081474362e-07,0.000304126378716184,3.00998799350753e-06,0.00023566363734306428,1.07347615774779e-07,0.0022161746715312347,0.00010413303297707177,0.003517796490996261,1.0,2.5
561,0.00148641653146607,6.303441719496261e-05,1.24499676397453e-07,0.000291542204307031,1.80400970217206e-06,0.0002082176294770366,1.45794252374085e-07,0.0024379241935434948,0.00014518321182011018,0.0036360078902362147,1.0,2.5
562,0.00120071399512261,6.856580267056156e-06,1.56135330161222e-07,0.000248967775645472,1.15657258953847e-05,0.00015980302463508567,1.64753455865051e-06,0.0025899198275283197,0.00016665960458106532,0.003726635990460636,1.0,2.5
563,0.000681328308648845,7.207033529205153e-05,2.56839923899071e-07,0.000152121635260516,7.08782980794967e-06,9.328060303204211e-05,6.64447675326699e-07,0.0026939488325297134,0.00016535093785607913,0.003834030190773774,1.0,2.5
564,0.000233542962959435,0.00010153687081304597,5.78866506766827e-07,2.82866696300281e-05,1.69234025359824e-06,1.2922438152040971e-05,4.20033678638531e-07,0.0026592713085449304,0.00011445930859110831,0.003948956591557362,1.0,2.5
565,0.000607195401493653,2.5372552808045068e-05,3.75235604884752e-07,9.54052205612084e-05,2.23389782060863e-07,0.00013101762614292634,3.14148352019065e-07,0.0012034369135562883,0.0001056450740588577,0.002912297490183846,1.0,2.5
566,0.00100626583031879,0.00021594403809693796,6.24194672457692e-16,0.000238963248422669,2.69321240656262e-14,0.00026241434967494426,8.81092142063396e-16,0.0012316634064575283,0.0004783583883128939,0.0011918273903575027,1.0,2.5
567,0.000703984956019629,0.0002551568906539181,3.64737045768912e-16,0.00016413056544817,3.88101280713454e-14,0.00027567781018195125,1.54047510424887e-15,0.001490285128454616,0.0005308347014478798,0.001081210790289333,1.0,2.5
568,0.000361871344593514,0.0002784921901419213,5.66411778861898e-16,8.33984035639607e-05,1.37217169050852e-14,0.0002835920263189462,4.71631333162983e-16,0.001649012662454652,0.0005620842166408346,0.0010122878902620869,1.0,2.5
569,1.59500017360426e-13,0.00028622006578493675,3.51494956188012e-16,6.66697599904786e-15,1.46555944463556e-14,0.00028622006578393755,9.70547291622922e-16,0.0017024767184636858,0.0005724401319239236,0.0009888933909678599,1.0,2.5
570,0.00166084763012018,0.00013470025869694036,5.54806162103669e-07,0.000305988036413485,1.59859981747782e-05,0.00023481544840603386,2.99604907218385e-06,0.002188556953541365,0.00010011518910313377,0.003497222091027652,1.0,2.5
571,0.00148642451061133,6.303232576193585e-05,2.07495233375703e-07,0.000291541404919144,3.00667625075863e-06,0.000208218226835033,2.42979088442464e-07,0.0024379281455537694,0.00014518590062106984,0.003636002891653334,1.0,2.5
572,0.00120069458632419,6.859849057072598e-06,1.45346444592435e-07,0.000248963294791713,1.11696951993816e-05,0.00015980475243704273,1.90118070153704e-06,0.0025899505335473805,0.00016666460117409354,0.003726655890204711,1.0,2.5
573,0.000681317473953031,7.207191789704304e-05,1.2968361024065e-07,0.00015211938380447,7.07262292170315e-06,9.327993586505379e-05,9.66168368187319e-07,0.002693960883533464,0.0001653518532761522,0.003834040791844018,1.0,2.5
574,0.000233539676504571,0.00010153790385003525,3.85916347088364e-07,2.82852881234136e-05,1.12819500561507e-06,1.2919124125043702e-05,2.80030817841755e-07,0.0026592669145486525,0.00011445702760215504,0.003948958390537882,1.0,2.5
575,0.000607200974978316,2.53714136400629e-05,6.25386757829973e-07,9.54067172573245e-05,3.72284772219263e-07,0.00013101497783096772,5.23573181940426e-07,0.0012034410925423344,0.00010564356490783133,0.0029122976902726805,1.0,2.5
576,0.00100626583036663,0.00021594403809693796,9.74483453728813e-16,0.000238963248423995,3.14074666881575e-14,0.00026241434967294586,5.16687387319692e-15,0.0012316634064575283,0.0004783583883168907,0.0011918273903575027,1.0,2.5
577,0.000703984956031041,0.0002551568906549173,2.44321571437819e-16,0.000164130565447313,4.04695537064431e-14,0.00027567781017795445,4.22305894138934e-15,0.001490285127459856,0.0005308347014458814,0.0010812108903337503,1.0,2.5
578,0.000361871344582963,0.0002784921901439197,5.27292409225905e-16,8.33984035622231e-05,4.29614297695752e-14,0.0002835920263209446,4.88707009159862e-15,0.0016490126614598921,0.0005620842166418338,0.0010122878902620869,1.0,2.5
579,1.78144825280224e-13,0.00028622006578493675,1.16522087389038e-16,6.82624529818598e-15,8.51133941971727e-15,0.00028622006578393755,2.49552846920062e-16,0.0017024767184636858,0.0005724401319239236,0.0009888933909678599,1.0,2.5
580,0.00167461091173695,0.00013559841908994397,1.32151836300648e-07,0.000308387063317261,2.00637655483162e-06,0.000237139100562056,7.52743360573111e-08,0.002196043102543399,0.0001015406808710928,0.0035018394901271677,1.0,2.5
581,0.00148994310177383,6.0438479589919325e-05,8.43440259119928e-08,0.000291026227860293,1.2719958370003e-06,0.0002120950231680463,8.33122364196206e-08,0.0024800925735348756,0.00015165654312410126,0.003666483891720418,1.0,2.5
582,0.00120067575702806,6.863831054082503e-06,1.34555267258742e-07,0.000248957858900206,1.07735889426153e-05,0.0001598075309610647,2.15480654572871e-06,0.002589985683556506,0.00016667136169612462,0.0037266749914124375,1.0,2.5
583,0.000665452540103703,7.372804536404098e-05,1.26481916894781e-07,0.000148057223100594,5.59020051525347e-08,9.397687862305881e-05,2.93229451365303e-07,0.0027164164405348856,0.0001677049235121464,0.003853522390272701,1.0,2.5
584,0.000233537704577932,0.00010153852367505989,1.92959775409057e-07,2.82844592009198e-05,5.64087955871634e-07,1.2917135681078662e-05,1.40017920987816e-07,0.0026592642755360885,0.00011445565898615673,0.0039489595910708886,1.0,2.5
585,0.000607209334924161,2.536970490207846e-05,8.75530158548828e-07,9.5408962266893e-05,5.21133366428243e-07,0.00013101100540291455,7.32987867740286e-07,0.0012034473575397442,0.00010564130121892834,0.0029122982905391837,1.0,2.5
586,0.00100626583030353,0.00021594403809593876,2.39446049793424e-16,0.000238963248421674,4.40850155859762e-15,0.00026241434967494426,3.55742657011902e-15,0.0012316634054627684,0.0004783583883108955,0.00119182749040192,1.0,2.5
587,0.00070398495594307,0.0002551568906549173,2.45797102831936e-16,0.000164130565443046,6.37589482078982e-15,0.00027567781018095205,2.02354138219979e-15,0.001490285127459856,0.000530834701443883,0.001081210790289333,1.0,2.5
588,0.000361871344567698,0.0002784921901429205,3.50669099064439e-16,8.33984035612414e-05,7.26960267156962e-15,0.000283592026322943,7.30884401395002e-16,0.0016490126614598921,0.000562084216642833,0.0010122878902620869,1.0,2.5
589,1.57752283458379e-13,0.00028622006578393755,5.38374141274833e-17,6.5598568244063e-15,1.94565500863386e-15,0.00028622006578393755,3.1606187393847e-16,0.0017024767184636858,0.0005724401319239236,0.0009888933909678599,1.0,2.5
590,0.00167460748216575,0.0001355989696969484,9.56406076568512e-17,0.000308386996784115,3.11084708340403e-16,0.00023713933546903876,1.51110677790167e-16,0.0021960439145516375,0.00010154036518117415,0.003501841691104346,1.0,2.5
591,0.00148994102641446,6.043899836294386e-05,1.95336385548682e-18,0.000291026412636119,3.96514418521399e-15,0.00021209489691303984,4.69764472547235e-17,0.002480091721537292,0.00015165589809007507,0.003666485190478852,1.0,2.5
592,0.00121238339457777,4.556303578040488e-06,3.85917739889716e-17,0.000252286837919949,3.45724967751315e-15,0.00015922195665807326,7.3871437395942e-17,0.0025657626245561005,0.00016377825991509276,0.00370673879115202,1.0,2.5
593,0.000665453433113966,7.372799082605574e-05,9.36464803407778e-17,0.00014805778767079,2.4535495163347e-16,9.39761275350337e-05,8.74781746606351e-17,0.002716414245554688,0.00016770411789113204,0.0038535224903171184,1.0,2.5
594,0.000233537047271916,0.00010153873028406757,1.07268252440285e-17,2.82841828924797e-05,2.87484337550825e-15,1.2916472865054374e-05,3.91464746903047e-17,0.002659263396537881,0.0001144552027640966,0.003948959991248557,1.0,2.5
595,0.000613253416615298,2.3396247215035082e-05,1.9655399541036e-17,9.7516907503136e-05,5.20940170341266e-15,0.0001331836120169183,3.18416625531837e-17,0.001176337301529884,0.00010978736552391677,0.0028926716913701966,1.0,2.5
596,0.00100626583026999,0.00021594403809693796,8.79719948688844e-17,0.000238963248423263,4.77835002468674e-16,0.00026241434966994825,5.71984408621884e-17,0.001231663408447048,0.0004783583883168907,0.0011918273903575027,1.0,2.5
597,0.000703984956043222,0.0002551568906549173,7.42085565089493e-18,0.000164130565453432,4.70405507081717e-15,0.00027567781017995285,4.5705897833842e-18,0.001490285127459856,0.000530834701443883,0.001081210690244916,1.0,2.5
598,0.000361871344653784,0.0002784921901399229,1.32577596904243e-17,8.33984035713833e-05,3.65153870682255e-15,0.0002835920263209446,8.99244058123055e-17,0.001649012662454652,0.0005620842166408346,0.0010122876901732525,1.0,2.5
599,1.55376579658029e-13,0.00028622006578493675,2.71448648606586e-17,6.85226615032564e-15,1.63763317143073e-15,0.00028622006578593595,2.00035300823576e-17,0.0017024767184636858,0.0005724401319239236,0.0009888933909678599,1.0,2.5
600,0.000249046995774858,9.096277346593018e-05,6.70345050830605e-17,9.04352051057082e-06,7.1768762807678e-16,0.00010848737383695184,9.66185071944563e-17,0.0018704457464480129,0.00019945014787292603,0.0011060686083510518,1.0,3.0
601,0.000305381933996086,0.00010317388273894945,1.5592923646886e-17,1.41512431547359e-05,5.69267126927092e-15,0.0001053355993099192,1.36030950230199e-16,0.0019181102914558323,0.0002085094825299283,0.0011230216096009826,1.0,3.0
602,0.000329240173102408,0.00012382689642193023,5.79943606650318e-18,2.36799483912948e-05,1.80594200618195e-15,0.00010231189290194065,1.69994430316255e-16,0.0020104455984437664,0.0002261387896639322,0.0011415483095333911,1.0,3.0
603,0.000286851959277768,0.00016167971265496073,7.82393745466957e-17,4.39946454467231e-05,1.62630325872826e-19,9.882069060196397e-05,1.04840656013454e-16,0.0022062822284567574,0.00026050040369984817,0.0011842670082842233,1.0,3.0
604,0.000329351281809151,0.00017688487298395117,4.94677829108352e-18,6.95008240935397e-05,1.64228168824526e-15,8.756649086993917e-05,1.02719685513529e-17,0.0022864459764662115,0.000264451364165863,0.0012343381094979122,1.0,3.0
605,0.000382924425997644,0.00014629456689796427,4.56984862955536e-17,7.78323962003197e-05,5.44209859468237e-15,6.048746709996777e-05,7.70376465527786e-18,0.0020827799494611554,0.0002067820346338678,0.0012888700093753869,1.0,3.0
606,9.7162167496825e-05,4.506835080692051e-05,1.18751054589738e-16,4.87351754163913e-05,3.66487439354413e-16,2.7643385828945988e-05,5.83758166588719e-17,0.0016492835754604585,7.27117370898922e-05,0.00149761280954408,1.0,3.0
607,5.21440982554511e-05,3.061054681491315e-05,1.18233093942492e-17,3.5354855427153e-05,2.94617710219422e-15,2.2655263236914802e-05,3.91668034810388e-17,0.0015945626864493079,5.326581062292668e-05,0.00150702430983074,1.0,3.0
608,2.22007798621211e-05,2.161627648794573e-05,1.65054957684341e-17,1.85489871415364e-05,2.95501334989998e-15,1.9595278294926022e-05,3.97707379724312e-17,0.0015595182244680927,4.121155487690764e-05,0.001511686108642607,1.0,3.0
609,1.53318330253782e-13,1.8563947093930278e-05,2.69460238762906e-17,6.65776028058174e-15,1.55880489722746e-15,1.8563947093930278e-05,4.8060649427209e-18,0.0015474641424475521,3.712789450882603e-05,0.0015130700085137505,1.0,3.0
610,0.00024801212482993,9.106003016695619e-05,5.54763186910885e-07,9.23421120208176e-06,6.53968758196971e-06,0.00010776689818692287,9.13197196247375e-07,0.0018715766474599604,0.00019882692893691267,0.001112124808059889,1.0,3.0
611,0.000305379110843947,0.00010317413837096501,2.65909723493167e-08,1.41511130551778e-05,2.638035363949e-06,0.00010533565371495524,1.41292698693846e-07,0.001918108919454653,0.00020850979256492597,0.0011230190084461356,1.0,3.0
612,0.000329237892654718,0.00012382708986391489,2.35195201352279e-09,2.36799022851214e-05,2.37332771440654e-06,0.00010231196678195387,1.18327250774915e-07,0.0020104445944468807,0.00022613905699087056,0.0011415465087338816,1.0,3.0
613,0.000284050615979052,0.00016334147208596494,2.43289092261315e-07,4.42331088713038e-05,6.99516061917823e-06,0.00010000075318294943,4.66551180646353e-07,0.002216914564456829,0.00026334222570789656,0.0011809513089247048,1.0,3.0
614,0.000325486151546471,0.0001764232894359563,4.15466459566851e-07,6.94243394899563e-05,5.85183998101901e-06,8.682407264093417e-05,5.03868994950022e-07,0.002283444540466917,0.00026324736237992585,0.0012377801085676765,1.0,3.0
615,0.000377276191647095,0.00014554324760096549,4.01484575952346e-07,7.75987300345906e-05,4.54629706935025e-06,5.994765304195848e-05,3.64819740448027e-07,0.0020790806354682445,0.00020549090127786052,0.001291834909352474,1.0,3.0
616,9.71621674983542e-05,4.506835080891891e-05,8.40317246531995e-16,4.87351754203591e-05,8.2781681899971e-15,2.764338583294279e-05,2.77980119662864e-15,0.0016492835734709388,7.27117370878938e-05,0.00149761280954408,1.0,3.0
617,5.21440982061911e-05,3.061054681391395e-05,2.56883705320311e-16,3.53548554321768e-05,8.18597034775437e-15,2.2655263238913204e-05,5.86044308513358e-16,0.0015945626864493079,5.3265810616931475e-05,0.00150702430983074,1.0,3.0
618,2.22007798273485e-05,2.161627648894493e-05,4.52434178446412e-17,1.85489871444371e-05,2.87549931782261e-14,1.9595278296924423e-05,2.17275978838579e-15,0.0015595182224501514,4.121155487690764e-05,0.0015116859085537726,1.0,3.0
619,1.39979174085259e-13,1.8563947092931077e-05,3.77891043923297e-17,6.23296986940192e-15,2.21693594471689e-15,1.8563947091931876e-05,2.99244881803683e-16,0.0015474641424475521,3.712789450882603e-05,0.0015130700085137505,1.0,3.0
620,0.000248009123155824,9.106306414591314e-05,5.96267981694528e-07,9.23426759574466e-06,3.70100478814241e-06,0.00010776645092491766,7.38789227549095e-07,0.0018715950324690311,0.00019882951566385643,0.001112136509618722,1.0,3.0
621,0.000297618858533531,0.00010422095307993651,6.79822295636401e-08,1.407451908647e-05,6.5486046821208e-06,0.00010516800358595368,3.45709732959434e-07,0.0019253592594452584,0.00020938895713285,0.0011280294093012344,1.0,3.0
622,0.000329231051292045,0.00012382767017293794,4.70562851724067e-09,2.36797639658398e-05,4.74664925745429e-06,0.00010231218842493561,2.3665739672228e-07,0.0020104415874584447,0.00022613985894393007,0.00114154010952916,1.0,3.0
623,0.000284059119255778,0.00016334162866094015,1.73777405399544e-07,4.42332391972598e-05,4.996549062319e-06,9.999991542292141e-05,3.33245775555022e-07,0.00221692041947108,0.0002633415445378873,0.0011809603092842735,1.0,3.0
624,0.00032549143318136,0.00017642442226195598,2.96764765744564e-07,6.94245760494402e-05,4.17988341357646e-06,8.682283620592424e-05,3.5990370872213e-07,0.0022834498344650456,0.000263247258782906,0.0012377865095913876,1.0,3.0
625,0.000377280312017753,0.00014554428604396374,2.86777436029221e-07,7.75988412808391e-05,3.24735354154548e-06,5.9946478029926364e-05,2.60583760019949e-07,0.0020790836974526883,0.00020549076470988137,0.0012918389093101723,1.0,3.0
626,9.7162167503845e-05,4.506835080891891e-05,1.02443552772724e-15,4.87351754221266e-05,1.64578772702054e-14,2.7643385834941192e-05,2.3329879288202e-15,0.0016492835754604585,7.271173709688661e-05,0.0014976129095884971,1.0,3.0
627,5.2144098267262e-05,3.061054681491315e-05,1.03521402198105e-16,3.53548554273618e-05,3.48327324015824e-14,2.2655263237914003e-05,4.04975769444701e-15,0.0015945626864493079,5.326581062092828e-05,0.001507024209786323,1.0,3.0
628,2.22007797735816e-05,2.1616276492941733e-05,3.85819695826071e-16,1.85489871481574e-05,2.58590214128815e-14,1.9595278295925223e-05,2.16597166634649e-15,0.0015595182234449112,4.121155488490125e-05,0.0015116860085981898,1.0,3.0
629,1.31793014002124e-13,1.8563947091931876e-05,9.65083929113132e-17,6.21703209746638e-15,1.83373281836818e-14,1.8563947093930278e-05,1.33178990296794e-16,0.0015474641424475521,3.712789450882603e-05,0.0015130700085137505,1.0,3.0
630,0.000254905268609548,9.017422543794451e-05,6.01890214847933e-08,9.69253533029903e-06,4.25371452998248e-06,0.00010703318424393204,2.60720159223902e-07,0.0018650255044576625,0.00019720741026085786,0.001113070309656905,1.0,3.0
631,0.000297630102929447,0.00010421990407794013,4.07913200300151e-08,1.40750292964365e-05,3.92917628332445e-06,0.00010516779219393868,2.07423033251942e-07,0.0019253646224512977,0.00020938769674683222,0.00112803960837482,1.0,3.0
632,0.000333365012934003,0.00012247701171691494,2.80571736559542e-09,2.38003401175976e-05,3.53743359398257e-06,0.00010097906451994598,1.71243918237021e-07,0.0020013064254555957,0.00022345607658491584,0.001145957308835932,1.0,3.0
633,0.00028406478809177,0.00016334173302395838,1.0426632744029e-07,4.42333260642359e-05,2.99793431562207e-06,9.999935691795692e-05,1.99945605578131e-07,0.002216924321459146,0.0002633410903878364,0.0011809663083113264,1.0,3.0
634,0.000325494954181788,0.00017642517748295283,1.78060215127747e-07,6.94247337440042e-05,2.50793138857131e-06,8.682201190995942e-05,2.15941327787671e-07,0.002283453367454058,0.0002632471896958366,0.0012377907096379204,1.0,3.0
635,0.000377283058925229,0.00014554497834196045,1.72067705336551e-07,7.75989154429496e-05,1.94841326670759e-06,5.994569468792399e-05,1.5634968697167e-07,0.0020790857414567654,0.0002054906736659312,0.0012918414086016128,1.0,3.0
636,9.71621675149277e-05,4.506835080791971e-05,1.09043887607614e-15,4.87351754166869e-05,3.41551602538875e-14,2.7643385835940393e-05,1.3524998585283e-15,0.0016492835754604585,7.27117370918906e-05,0.0014976129095884971,1.0,3.0
637,5.2144098205636e-05,3.061054681391395e-05,5.68166831128609e-16,3.53548554327793e-05,1.05465359752713e-14,2.2655263240967116e-05,1.37989798624019e-15,0.0015945626884672492,5.326581062192748e-05,0.00150702430983074,1.0,3.0
638,2.22007798109849e-05,2.161627648794573e-05,4.30673054998502e-16,1.85489871446923e-05,3.94543067921277e-14,1.9595278296924423e-05,3.41767121601975e-15,0.0015595182254628526,4.121155487990524e-05,0.0015116860085981898,1.0,3.0
639,1.33000381541404e-13,1.8563947093930278e-05,2.93081023046513e-16,5.88071258356138e-15,2.20911613654784e-14,1.8563947093930278e-05,4.15718688314727e-16,0.0015474641424475521,3.712789450882603e-05,0.0015130700085137505,1.0,3.0
640,0.000254911668649641,9.01737099749389e-05,2.00634011392085e-08,9.69299021893823e-06,1.41791512752704e-06,0.00010703310150694811,8.69067310908696e-08,0.0018650293134498952,0.00019720681206392143,0.0011130767088616267,1.0,3.0
641,0.000297635725270135,0.00010421937956694993,1.35975105460021e-08,1.40752844009365e-05,1.30973474856795e-06,0.00010516768649393438,6.91409172643166e-08,0.0019253673064554278,0.00020938706653483852,0.0011280450089543592,1.0,3.0
642,0.000333369553221615,0.00012247661910791408,9.34962292381264e-10,2.38004249853776e-05,1.17915262560136e-06,0.00010097891063193254,5.70811672409239e-08,0.0020013083584444757,0.00022345553008384922,0.0011459615088824648,1.0,3.0
643,0.000284067622513122,0.00016334178520094333,3.47556097418874e-08,4.42333694962035e-05,9.99317695790311e-07,9.999907766095051e-05,6.66485879617454e-08,0.0022169262734621498,0.00026334086330692674,0.001180969209599425,1.0,3.0
644,0.000325496714687444,0.00017642555509095326,5.93539517305968e-08,6.94248125926611e-05,8.35981848479271e-07,8.68215997589239e-05,7.198067833883e-08,0.0022834551324706354,0.00026324715515591013,0.0012377926086628577,1.0,3.0
645,0.000377284432291296,0.0001455453244889604,5.73564187423093e-08,7.75989525138692e-05,6.49474803566012e-07,5.994530300995615e-05,5.21167501399365e-08,0.0020790867624498333,0.00020549062813290941,0.0012918427091790363,1.0,3.0
646,9.71621674527526e-05,4.506835081091731e-05,3.57771046810692e-16,4.87351754192068e-05,9.51231552293735e-15,2.764338583394199e-05,1.70583795840954e-15,0.0016492835754604585,7.2711737088893e-05,0.0014976127094996627,1.0,3.0
647,5.21440981749027e-05,3.061054681391395e-05,1.03758444368394e-15,3.53548554339409e-05,6.53679855470296e-14,2.2655263238913204e-05,4.0492342280856e-15,0.0015945626874440677,5.326581062292668e-05,0.00150702430983074,1.0,3.0
648,2.22007797964904e-05,2.161627648894493e-05,1.92676490336067e-15,1.85489871437699e-05,2.23880430253592e-14,1.9595278299922025e-05,2.16512632746513e-15,0.0015595182254628526,4.1211554881903645e-05,0.0015116860085981898,1.0,3.0
649,1.18465133536194e-13,1.8563947092931077e-05,7.83971344331218e-17,6.24175190699905e-15,4.13953539415285e-14,1.8563947093930278e-05,2.12562918113467e-16,0.0015474641424475521,3.712789450882603e-05,0.0015130700085137505,1.0,3.0
650,0.000254911668572429,9.01737099759381e-05,2.00634008936751e-08,9.69299021551847e-06,1.41791512656616e-06,0.00010703310150494971,8.69067310589517e-08,0.0018650293134498952,0.00019720681206292223,0.0011130767088616267,1.0,3.0
651,0.000297635725208049,0.00010421937956694993,1.35975104333872e-08,1.40752843990675e-05,1.3097347464152e-06,0.00010516768649193597,6.9140917562479e-08,0.0019253673064554278,0.00020938706653783612,0.0011280450089543592,1.0,3.0
652,0.000333369553137281,0.00012247661910891328,9.3496235356878e-10,2.38004249838451e-05,1.17915262158751e-06,0.00010097891063093334,5.70811672773582e-08,0.0020013083584444757,0.00022345553008285002,0.0011459615088824648,1.0,3.0
653,0.000284067622454552,0.00016334178520094333,3.47556096817216e-08,4.42333694943337e-05,9.99317690409307e-07,9.999907765995131e-05,6.66485878161506e-08,0.0022169262734621498,0.00026334086330792594,0.001180969209599425,1.0,3.0
654,0.000325496714651804,0.00017642555509195246,5.93539519490305e-08,6.94248125911556e-05,8.35981841648621e-07,8.68215997569255e-05,7.19806783899756e-08,0.0022834551324706354,0.00026324715515790853,0.0012377926086628577,1.0,3.0
655,0.000377284432217869,0.000145545324491958,5.73564188352174e-08,7.75989525144862e-05,6.49474800697782e-07,5.994530300895695e-05,5.21167501793947e-08,0.0020790867624498333,0.00020549062813290941,0.0012918427091790363,1.0,3.0
656,9.71621675318756e-05,4.506835081091731e-05,3.99362058586773e-16,4.87351754177501e-05,7.43841294982561e-15,2.764338583194359e-05,1.94267684079132e-15,0.0016492835754604585,7.27117370878938e-05,0.0014976127094996627,1.0,3.0
657,5.21440982324262e-05,3.061054681491315e-05,1.09392060500583e-15,3.53548554333111e-05,6.40848187233659e-14,2.2655263238913204e-05,3.73079896782893e-15,0.0015945626874440677,5.326581061992908e-05,0.00150702430983074,1.0,3.0
658,2.22007798656356e-05,2.161627648894493e-05,1.93263738278398e-15,1.85489871426788e-05,2.2392623779538e-14,1.9595278297923624e-05,2.30566942220536e-15,0.0015595182254628526,4.1211554880904444e-05,0.0015116860085981898,1.0,3.0
659,1.77241901710978e-13,1.8563947091931876e-05,1.31365492756722e-16,7.13339977365113e-15,3.86004027136053e-14,1.8563947090932675e-05,2.25176932763978e-16,0.0015474641424475521,3.712789450882603e-05,0.0015130700085137505,1.0,3.0
660,0.000254905268594985,9.017422543994291e-05,6.01890214068921e-08,9.69253532896665e-06,4.25371453695029e-06,0.00010703318424193364,2.60720159129556e-07,0.0018650255044576625,0.00019720741026185706,0.001113070309656905,1.0,3.0
661,0.000297630102898776,0.00010421990407893933,4.07913202103206e-08,1.40750292948476e-05,3.92917628150861e-06,0.00010516779219293948,2.07423033105544e-07,0.0019253646224512977,0.00020938769674683222,0.00112803960837482,1.0,3.0
662,0.000333365012949261,0.00012247701171791414,2.80571734661643e-09,2.38003401175904e-05,3.53743358982284e-06,0.00010097906451894678,1.7124391794431e-07,0.0020013064254555957,0.00022345607658391664,0.001145957308835932,1.0,3.0
663,0.000284064788049856,0.00016334173302595678,1.04266327300242e-07,4.4233326064635e-05,2.99793431361942e-06,9.999935691795692e-05,1.9994560557424e-07,0.002216924321459146,0.0002633410903868372,0.0011809663083113264,1.0,3.0
664,0.000325494954133453,0.00017642517748495123,1.78060215081273e-07,6.94247337441414e-05,2.50793138545128e-06,8.682201190796102e-05,2.15941327894143e-07,0.002283453367454058,0.000263247189697835,0.0012377907096379204,1.0,3.0
665,0.000377283058896691,0.00014554497834096125,1.72067705316903e-07,7.75989154432388e-05,1.94841326245314e-06,5.994569468692479e-05,1.56349686731753e-07,0.0020790857414567654,0.0002054906736679296,0.0012918414086016128,1.0,3.0
666,9.71621675631917e-05,4.506835080991811e-05,1.1394075448228e-15,4.87351754159062e-05,4.13650233857532e-14,2.7643385835940393e-05,1.38098727061036e-15,0.0016492835754604585,7.271173709488821e-05,0.0014976129095884971,1.0,3.0
667,5.21440982339388e-05,3.061054681391395e-05,5.2517609740719e-16,3.53548554321071e-05,1.39411323197419e-14,2.2655263238913204e-05,1.34610475977653e-15,0.0015945626884672492,5.326581062192748e-05,0.00150702430983074,1.0,3.0
668,2.22007798434754e-05,2.161627649094333e-05,2.6625548960697e-16,1.8548987143803e-05,3.79245788419136e-14,1.9595278294926022e-05,3.52474465088216e-15,0.0015595182254628526,4.1211554880904444e-05,0.0015116860085981898,1.0,3.0
669,1.5883388354565e-13,1.8563947092931077e-05,2.78636570196986e-16,6.25064236481343e-15,1.86523973350061e-14,1.8563947091931876e-05,4.43191354925973e-16,0.0015474641424475521,3.712789450882603e-05,0.0015130700085137505,1.0,3.0
670,0.000248009123082076,9.106306414591314e-05,5.96267982003434e-07,9.23426759503538e-06,3.70100477676793e-06,0.00010776645092491766,7.38789227275545e-07,0.0018715950314458496,0.00019882951566285723,0.001112136509618722,1.0,3.0
671,0.000297618858504727,0.00010422095307993651,6.79822297576647e-08,1.40745190851715e-05,6.54860468306755e-06,0.00010516800358595368,3.45709732926703e-07,0.0019253592594452584,0.0002093889571338492,0.0011280294093012344,1.0,3.0
672,0.000329231051227826,0.00012382767017493634,4.70562842011004e-09,2.36797639653993e-05,4.74664926435845e-06,0.00010231218842393641,2.36657396802965e-07,0.0020104415884532045,0.00022613985894592847,0.00114154010952916,1.0,3.0
673,0.00028405911920779,0.00016334162865994095,1.73777405380099e-07,4.42332391955797e-05,4.99654906787369e-06,9.999991542192221e-05,3.33245775476348e-07,0.00221692041947108,0.0002633415445378873,0.0011809603092842735,1.0,3.0
674,0.000325491433152639,0.00017642442226195598,2.96764765786175e-07,6.94245760481043e-05,4.17988340948067e-06,8.682283620692344e-05,3.59903708694457e-07,0.0022834498354598054,0.0002632472587809076,0.0012377865095913876,1.0,3.0
675,0.000377280311951549,0.00014554428604396374,2.86777436082448e-07,7.75988412801267e-05,3.24735354316594e-06,5.9946478030925565e-05,2.60583759617703e-07,0.0020790836974526883,0.00020549076471287897,0.0012918389093101723,1.0,3.0
676,9.71621675554062e-05,4.506835080891891e-05,1.04907656319582e-15,4.87351754217464e-05,1.40879875040051e-14,2.764338583294279e-05,2.44682746286529e-15,0.0016492835754604585,7.271173709588741e-05,0.00149761280954408,1.0,3.0
677,5.2144098291425e-05,3.061054681391395e-05,6.96633777139827e-17,3.53548554268274e-05,3.85821745645804e-14,2.26552632359156e-05,3.94550318523305e-15,0.0015945626874440677,5.326581061992908e-05,0.001507024209786323,1.0,3.0
678,2.22007798186029e-05,2.1616276492941733e-05,5.00404195348265e-16,1.85489871477845e-05,2.47537721657226e-14,1.9595278295925223e-05,2.02824580318884e-15,0.0015595182234449112,4.1211554882902846e-05,0.0015116860085981898,1.0,3.0
679,1.74925178508811e-13,1.8563947092931077e-05,1.54686003860528e-16,6.7429785713391e-15,1.19530307960553e-14,1.8563947092931077e-05,1.11269636083114e-16,0.0015474641424475521,3.712789450882603e-05,0.0015130700085137505,1.0,3.0
680,0.000248012124775002,9.106003016495778e-05,5.54763186828409e-07,9.23421120184838e-06,6.5396875871714e-06,0.00010776689818692287,9.1319719696659e-07,0.0018715766474599604,0.00019882692893791187,0.001112124808059889,1.0,3.0
681,0.000305379110878592,0.00010317413837096501,2.65909723068274e-08,1.41511130548067e-05,2.63803536026255e-06,0.00010533565371395603,1.41292698642671e-07,0.001918108919454653,0.00020850979256092916,0.0011230190084461356,1.0,3.0
682,0.00032923789264746,0.00012382708986291568,2.35195207696473e-09,2.36799022857554e-05,2.37332771837339e-06,0.00010231196678095467,1.18327250881048e-07,0.0020104445944468807,0.00022613905699087056,0.0011415465087338816,1.0,3.0
683,0.000284050615950836,0.00016334147208496574,2.43289092285202e-07,4.42331088697796e-05,6.99516062276345e-06,0.00010000075318195023,4.66551180807659e-07,0.002216914564456829,0.00026334222571189336,0.0011809513089247048,1.0,3.0
684,0.000325486151542848,0.0001764232894369555,4.15466459643799e-07,6.9424339489539e-05,5.85183997644904e-06,8.682407263993497e-05,5.03868995116803e-07,0.002283444540466917,0.00026324736237992585,0.0012377801085676765,1.0,3.0
685,0.000377276191634225,0.00014554324759996629,4.01484575985342e-07,7.75987300328612e-05,4.54629707466049e-06,5.994765304095928e-05,3.64819740477584e-07,0.0020790806354682445,0.00020549090127786052,0.001291834909352474,1.0,3.0
686,9.71621675189007e-05,4.506835080692051e-05,7.2516862306693e-16,4.87351754204039e-05,3.18725623150995e-15,2.7643385834941192e-05,2.65537036261108e-15,0.0016492835734709388,7.27117370878938e-05,0.00149761280954408,1.0,3.0
687,5.21440981994569e-05,3.061054681491315e-05,1.38444147096926e-16,3.53548554321488e-05,9.16722752396237e-15,2.2655263239967915e-05,6.35762601418344e-16,0.0015945626874440677,5.3265810618929876e-05,0.00150702430983074,1.0,3.0
688,2.22007798338685e-05,2.161627649094333e-05,6.68393698678368e-18,1.85489871445507e-05,3.08063307936229e-14,1.9595278296924423e-05,2.32222891632418e-15,0.0015595182224501514,4.121155487391004e-05,0.0015116859085537726,1.0,3.0
689,1.55531837409129e-13,1.8563947092931077e-05,4.34290732716225e-17,6.57373461221411e-15,9.40924855391545e-16,1.8563947092931077e-05,2.94560789605366e-16,0.0015474641424475521,3.712789450882603e-05,0.0015130700085137505,1.0,3.0
690,0.000249046995777721,9.096277346593018e-05,5.74766911853614e-17,9.04352051064969e-06,1.1322052236723e-15,0.00010848737383695184,1.16036737510261e-16,0.0018704457464480129,0.00019945014787292603,0.0011060686083510518,1.0,3.0
691,0.000305381933995322,0.00010317388273894945,2.19026838292201e-17,1.41512431546671e-05,4.02065533644524e-15,0.00010533559930892,9.20792576301205e-17,0.0019181102914558323,0.0002085094825299283,0.0011230216096009826,1.0,3.0
692,0.000329240173102042,0.00012382689642193023,9.98048333837901e-18,2.36799483913597e-05,2.23600435042548e-15,0.00010231189290094145,1.64077058146736e-16,0.0020104455984437664,0.0002261387896639322,0.0011415483095333911,1.0,3.0
693,0.000286851959285454,0.00016167971265496073,6.8492989939114e-17,4.39946454466243e-05,2.4535495163347e-16,9.882069060196397e-05,1.15233750276264e-16,0.0022062822284567574,0.00026050040369884897,0.0011842670082842233,1.0,3.0
694,0.000329351281808775,0.00017688487298395117,2.46046130518429e-17,6.9500824093633e-05,2.5417764681207e-15,8.756649086993917e-05,4.4520051707686e-18,0.0022864459764662115,0.000264451364165863,0.0012343381094979122,1.0,3.0
695,0.000382924425990287,0.00014629456689796427,5.26151455845954e-17,7.78323962004143e-05,5.76451321572524e-15,6.048746709996777e-05,4.08608693755474e-18,0.0020827799494611554,0.0002067820346338678,0.0012888700093753869,1.0,3.0
696,9.71621674991279e-05,4.506835080592131e-05,1.08788676580606e-16,4.87351754163369e-05,1.3660134221688e-15,2.764338582994519e-05,1.68728963093057e-18,0.0016492835754604585,7.27117370898922e-05,0.00149761280954408,1.0,3.0
697,5.21440982566429e-05,3.0610546815967865e-05,2.98748520496592e-18,3.53548554271479e-05,3.81587665111704e-15,2.2655263236914802e-05,4.5705897833842e-18,0.0015945626864493079,5.326581062392588e-05,0.00150702430983074,1.0,3.0
698,2.22007798631116e-05,2.161627648794573e-05,1.32577596904243e-17,1.85489871413903e-05,3.76256100928507e-15,1.9595278295925223e-05,2.05354667732333e-17,0.0015595182234449112,4.121155487690764e-05,0.001511686108642607,1.0,3.0
699,1.54266356633403e-13,1.8563947093930278e-05,2.71448648606586e-17,6.65103822711233e-15,1.63763317143073e-15,1.8563947093930278e-05,2.00035300823576e-17,0.0015474641424475521,3.712789450882603e-05,0.0015130700085137505,1.0,3.0
700,0.000170749725940088,4.646210688963315e-06,1.01728974602597e-16,3.9597947623987e-05,1.6058660477769e-15,1.3174260284076755e-05,2.07640809656972e-16,0.0007579820474461485,8.52804902806703e-06,0.0011963122087763622,1.0,3.5
701,0.000245430733001419,1.9394303790720713e-06,5.22375806483568e-18,5.65751458791582e-05,5.69267126927092e-15,1.2192944827071894e-05,2.47053252692715e-16,0.0008409662514452521,1.4132374718145435e-05,0.0012843408094340703,1.0,3.5
702,0.00024168949433654,1.0834483950061813e-05,3.35550116821321e-17,4.85532294097341e-05,1.80594200618195e-15,1.6811787670045764e-05,2.8101673277877e-16,0.0007575912594575129,2.7646271274162082e-05,0.0012471644095057854,1.0,3.5
703,0.000226422715042996,1.883604823305074e-05,4.35449050271595e-17,3.90581262836663e-05,1.77619420907438e-15,2.08904970410706e-05,6.18164644906188e-18,0.000684978609456266,3.972654481809723e-05,0.001210398109833477,1.0,3.5
704,0.000200860435956171,2.5751792025074938e-05,3.27023539067124e-17,2.78285274300305e-05,7.54103268545137e-16,2.4327483099051417e-05,4.52391826799049e-17,0.0006252361414453844,5.007927481015528e-05,0.0011755845098377904,1.0,3.5
705,0.000168283424085716,3.1459468072037033e-05,1.10040167760174e-17,1.49470190319811e-05,4.10983096513218e-15,2.7531381180057046e-05,1.03318537807238e-16,0.0005720504094597345,5.8990848665119167e-05,0.0011400669081922388,1.0,3.5
706,0.000129726323345467,3.542468146505717e-05,1.04873266781923e-16,3.90009738636832e-07,7.760177049565e-17,3.0280557342055037e-05,2.86466542761404e-18,0.0005275129794597433,6.570523837012843e-05,0.0011043574086215813,1.0,3.5
707,8.78837425986444e-05,3.7342532093032066e-05,8.99337231747253e-18,1.52414093216949e-05,2.05799868249409e-15,3.2899013928056053e-05,1.6344347750219e-17,0.00048455957045234754,7.024154543711081e-05,0.0010646163082128624,1.0,3.5
708,4.91883945604992e-05,4.0482273993058815e-05,3.03832835762486e-17,2.62818803477064e-05,2.06683493019985e-15,4.0354497614081275e-05,9.5281889203689e-17,0.0003450762644661154,8.08367715051661e-05,0.0009722604081616737,1.0,3.5
709,1.44436546056781e-13,6.213883070405046e-05,4.08238116841051e-17,6.49122682688796e-15,1.55880489722746e-15,6.213883070305126e-05,2.26850669867752e-16,0.00015846508455297226,0.00012427766108713545,0.0007106076081981882,1.0,3.5
710,0.000170749585158045,4.646228310922762e-06,1.17207648602194e-08,3.95980741992887e-05,9.44456262569132e-09,1.3174031890050841e-05,1.17368791265995e-07,0.0007579833664692615,8.527803005087264e-06,0.001196312108731945,1.0,3.5
711,0.00024543021289326,1.939363867053956e-06,3.19741435532543e-08,5.65751438670718e-05,2.07096547482282e-07,1.2192840039060293e-05,6.97574635138366e-08,0.0008409669504487738,1.4132203411065802e-05,0.0012843406093452359,1.0,3.5
712,0.000240244965693755,1.0722516963046491e-05,1.02168152089731e-07,4.83780128899974e-05,5.52226632815207e-07,1.6482325149058674e-05,2.68168835831402e-07,0.0007616841254503015,2.7204841761108156e-05,0.0012486926098063122,1.0,3.5
713,0.000225179629951636,1.871132798403341e-05,8.88831425124608e-08,3.89025419397765e-05,3.94753981486996e-07,2.0584013817048774e-05,2.86945013570476e-07,0.0006891771414530012,3.92953413461683e-05,0.0012121168092562584,1.0,3.5
714,0.000200860233274135,2.5751737872059532e-05,2.09684841065895e-08,2.78285790742205e-05,7.40924393063448e-08,2.4327426569048516e-05,8.60115827784262e-08,0.0006252366784451624,5.0079164136129783e-05,0.0011755845098377904,1.0,3.5
715,0.000168283301799214,3.145942412507985e-05,1.61957782249784e-08,1.49470822061092e-05,4.28139844818387e-08,2.753133706806521e-05,8.8997563960444e-08,0.0005720508534636792,5.899076060411623e-05,0.0011400668081478216,1.0,3.5
716,0.000129726263804897,3.542464961303615e-05,1.10180663003173e-08,3.90081354269094e-07,1.88401620345601e-08,3.0280523772074908e-05,9.0831898784474e-08,0.0005275133174507118,6.570517295112488e-05,0.0011043574086215813,1.0,3.5
717,8.78837269768845e-05,3.734251412107481e-05,5.29223719000186e-09,1.52413322733549e-05,2.52486317771816e-09,3.289898893404919e-05,9.11733842066795e-08,0.0004845597984513006,7.02415024801395e-05,0.0010646163082128624,1.0,3.5
718,4.89559383356972e-05,4.031377297403216e-05,9.48167415776485e-09,2.65314423834547e-05,2.29775288793695e-08,4.0132877685061796e-05,2.81885536016437e-07,0.00034949653846183537,8.044665056416989e-05,0.0009744738090375904,1.0,3.5
719,1.43087798554209e-13,6.213883070604886e-05,4.5477622454557e-17,6.17745871817066e-15,4.88147120381727e-15,6.213883070604886e-05,2.99244881803683e-16,0.00015846508455297226,0.00012427766108713545,0.0007106076081981882,1.0,3.5
720,0.000170749162681239,4.6462811749137245e-06,2.34435935422678e-08,3.95984539026639e-05,1.88987495043153e-08,1.3173346712080924e-05,2.34735848846466e-07,0.0007579873224585754,8.52706495713118e-06,0.0011963122087763622,1.0,3.5
721,0.000243787117490076,1.8433146970475711e-06,8.16467669263743e-08,5.63774203500835e-05,5.27219001388506e-07,1.1837336876041604e-05,1.75755559542865e-07,0.0008449298234438629,1.3680651090086648e-05,0.0012856434095738223,1.0,3.5
722,0.000240247413855787,1.0722917417049782e-05,7.29760582086712e-08,4.83778989803569e-05,3.94444200606619e-07,1.6482848080034973e-05,1.91549379872742e-07,0.0007616800974687976,2.7205765147142458e-05,0.0012486933082982432,1.0,3.5
723,0.000225181427172208,1.871170095807395e-05,6.34870963301561e-08,3.89023198894377e-05,2.81964942327627e-07,2.058443928004694e-05,2.04960982577742e-07,0.0006891734494445245,3.929613977315949e-05,0.0012121173094783444,1.0,3.5
724,0.000200859625228309,2.575157541506723e-05,4.19372195828794e-08,2.78287339977287e-05,1.48185518115111e-07,2.432725698803262e-05,1.72023068149061e-07,0.0006252382884497365,5.0078832089073266e-05,0.0011755844097933732,1.0,3.5
725,0.000168282934656399,3.145929227804656e-05,3.23917291202218e-08,1.4947271704983e-05,8.56284643980864e-08,2.75312047350873e-05,1.77994975930549e-07,0.0005720521854470917,5.899049642510423e-05,0.0011400669081922388,1.0,3.5
726,0.000129099966459195,3.5277916427045586e-05,2.80698650131689e-08,2.5996724593581e-07,4.87003091453197e-08,3.0026253472037467e-05,2.2824819184545e-07,0.0005318897984523119,6.530416946115558e-05,0.001106460609662463,1.0,3.5
727,8.7883679970255e-05,3.734246020703491e-05,1.05845683739878e-08,1.52411011386734e-05,5.04990430079551e-09,3.289891395807931e-05,1.82346540753217e-07,0.0004845604814533999,7.024137358213611e-05,0.001064616108124028,1.0,3.5
728,4.89558798700525e-05,4.0313767406041645e-05,6.77287041452367e-09,2.65318649513128e-05,1.64128809340534e-08,4.013299559507688e-05,2.01347463480921e-07,0.0003494959354668481,8.044676290608344e-05,0.0009744738090375904,1.0,3.5
729,1.31348924792274e-13,6.213883070504966e-05,1.65897331950386e-16,5.96723191692572e-15,1.74491497639817e-14,6.213883070305126e-05,4.21932522015785e-16,0.00015846508455297226,0.00012427766108713545,0.0007106076081981882,1.0,3.5
730,0.000170748458376998,4.646369306915421e-06,3.51705489254159e-08,3.95990867107643e-05,2.83721623596121e-08,1.3172204772038398e-05,3.52099427875783e-07,0.0007579939164656935,8.525834893080564e-06,0.001196312108731945,1.0,3.5
731,0.000243789239658577,1.8435880690392814e-06,4.89874634328762e-08,5.63774280217056e-05,3.16329728956122e-07,1.1837759125055136e-05,1.05453521662356e-07,0.0008449269994628139,1.3681346704097486e-05,0.0012856440098403255,1.0,3.5
732,0.000240249045861048,1.072318438305464e-05,4.37851930696448e-08,4.83778230394915e-05,2.36665388554994e-07,1.6483196701055913e-05,1.14929809977469e-07,0.0007616774114467262,2.7206380734168256e-05,0.0012486940086091636,1.0,3.5
733,0.00022518262532659,1.8711949603067435e-05,3.80919431550425e-08,3.890217185476e-05,1.69178251567103e-07,2.0584722923044918e-05,1.22976801180999e-07,0.0006891709884655484,3.9296672066146954e-05,0.001212117609611596,1.0,3.5
734,0.000200858611691074,2.5751304653043317e-05,6.2906457861962e-08,2.78289921954255e-05,2.22279638464212e-07,2.4326974350064035e-05,2.58034364121961e-07,0.0006252409784508473,5.0078278696075174e-05,0.001175584309748956,1.0,3.5
735,0.000167451558684888,3.131801119604649e-05,2.47169897024811e-08,1.48169772600489e-05,6.57300826896234e-08,2.7262530400085083e-05,1.34274418920309e-07,0.0005763878154709801,5.858054100715826e-05,0.0011420720093155978,1.0,3.5
736,0.000129100210184698,3.5278045945053016e-05,1.6841818411073e-08,2.59677971498453e-07,2.92199850584856e-08,3.0026387631054696e-05,1.36949272124572e-07,0.0005318884314533534,6.530443313812473e-05,0.001106460609662463,1.0,3.5
737,8.83081831809579e-05,3.749488339105378e-05,7.71284422358319e-09,1.50907078908962e-05,3.25984650326194e-09,3.3140898489048e-05,1.36109578933065e-07,0.0004801556194706791,7.063578129906656e-05,0.001062443909177091,1.0,3.5
738,4.89558408749233e-05,4.031376370206008e-05,4.06382459674038e-09,2.65321466654952e-05,9.84784660786856e-09,4.013307420308587e-05,1.20808839844816e-07,0.0003494955364544694,8.044683780616957e-05,0.0009744738090375904,1.0,3.5
739,1.35220827590654e-13,6.213883070405046e-05,3.41653280373864e-16,5.76969028109886e-15,2.56438750442789e-14,6.213883070305126e-05,4.15718688314727e-16,0.00015846508455297226,0.00012427766108713545,0.0007106076081981882,1.0,3.5
740,0.000172432077358601,4.7666134809221106e-06,1.50980021369635e-07,4.02244162427659e-05,1.19602956872328e-06,1.3044816711049734e-05,2.22612793395045e-07,0.0007628656304632386,8.278202662137524e-06,0.0011998185091215419,1.0,3.5
741,0.000243790300857578,1.843724750039133e-06,1.63291437156635e-08,5.63774318613633e-05,1.0544352271431e-07,1.1837970251060703e-05,3.51513953827641e-08,0.0008449255914513287,1.3681694513101306e-05,0.001285644508243422,1.0,3.5
742,0.000240249861918403,1.0723317861061066e-05,1.459506808042e-08,4.83777850713088e-05,7.88887189509513e-08,1.6483371016062787e-05,3.83101716703087e-08,0.0007616760684641122,2.720668852507213e-05,0.0012486943087424152,1.0,3.5
743,0.00022518322436274,1.8712073925064576e-05,1.26973322089666e-08,3.89020978362339e-05,5.63929916954612e-08,2.058486474904031e-05,4.09925205093117e-08,0.0006891697584592293,3.929693821613789e-05,0.001212117609611596,1.0,3.5
744,0.000199819960320966,2.5616798527083873e-05,1.06692776925805e-08,2.76892163566412e-05,3.77877403367463e-08,2.4040610817066543e-05,4.32875274193044e-08,0.0006295213414659884,4.965740903717375e-05,0.0011774613085435703,1.0,3.5
745,0.000167451808158641,3.1318100637056645e-05,8.23901748627331e-09,1.48168493705603e-05,2.19101286727899e-08,2.7262618702061925e-05,4.47584307372619e-08,0.0005763869214661099,5.858071875408655e-05,0.001142072109360015,1.0,3.5
746,0.000129100332066095,3.527811070003217e-05,5.61395329140401e-09,2.59533334886087e-07,9.7399996600657e-09,3.002645471106291e-05,4.56500634665932e-08,0.0005318877474564943,6.530456498410331e-05,0.0011064605096180458,1.0,3.5
747,8.83082130633678e-05,3.749491865606691e-05,2.57094684105506e-09,1.5090860796089e-05,1.08661666136886e-09,3.314094860507044e-05,4.53701677369512e-08,0.0004801551664570525,7.063586668110133e-05,0.001062443909177091,1.0,3.5
748,4.89558213770261e-05,4.031376184704394e-05,1.35463345871172e-09,2.65322875250757e-05,3.28265929399447e-09,4.0133113504037254e-05,4.02698954184682e-08,0.0003494953344613805,8.044687525410321e-05,0.0009744738090375904,1.0,3.5
749,1.19797401165744e-13,6.213883070305126e-05,3.67637710096784e-17,6.21399633138342e-15,3.69544618430279e-14,6.213883070305126e-05,5.45629825501014e-16,0.00015846508455297226,0.00012427766108713545,0.0007106076081981882,1.0,3.5
750,0.000172432077275171,4.766613481921311e-06,1.50980021552718e-07,4.02244162392906e-05,1.19602956924006e-06,1.3044816712048934e-05,2.22612793363127e-07,0.0007628656304632386,8.278202662137524e-06,0.0011998185091215419,1.0,3.5
751,0.000243790300800821,1.843724750039133e-06,1.6329143707132e-08,5.63774318587692e-05,1.05443520561558e-07,1.1837970253059105e-05,3.51513953899131e-08,0.0008449255914513287,1.3681694511102904e-05,0.001285644508243422,1.0,3.5
752,0.000240249861845171,1.0723317860061865e-05,1.45950681406631e-08,4.83777850696098e-05,7.88887193779915e-08,1.6483371017061987e-05,3.8310171467341e-08,0.0007616760674693523,2.7206688526071332e-05,0.0012486943087424152,1.0,3.5
753,0.000225183224306833,1.8712073924065376e-05,1.26973323489297e-08,3.89020978348083e-05,5.63929863144574e-08,2.0584864751038712e-05,4.09925203773507e-08,0.0006891697574644695,3.929693821513869e-05,0.001212117609611596,1.0,3.5
754,0.000199819960296429,2.5616798526084672e-05,1.06692776406803e-08,2.76892163554965e-05,3.77877366147209e-08,2.4040610818065744e-05,4.32875272016254e-08,0.0006295213414659884,4.9657409035064326e-05,0.0011774613085435703,1.0,3.5
755,0.000167451808082549,3.131810063305984e-05,8.23901728928182e-09,1.4816849371287e-05,2.19101222518464e-08,2.7262618703061126e-05,4.47584309198483e-08,0.0005763869214661099,5.858071875408655e-05,0.001142072109360015,1.0,3.5
756,0.000129100331982295,3.527811070003217e-05,5.61395315960737e-09,2.59533333757324e-07,9.73999758616313e-09,3.0026454713061312e-05,4.56500633407767e-08,0.0005318877474564943,6.530456498410331e-05,0.0011064605096180458,1.0,3.5
757,8.83082130036239e-05,3.749491865606691e-05,2.57094688351343e-09,1.50908607970518e-05,1.08661537820203e-09,3.314094860407124e-05,4.53701681108976e-08,0.0004801551664570525,7.063586668210053e-05,0.001062443909177091,1.0,3.5
758,4.89558213074368e-05,4.031376184604474e-05,1.35463352009535e-09,2.65322875261391e-05,3.28265928941371e-09,4.0133113505036455e-05,4.0269895447989e-08,0.0003494953344613805,8.044687525510241e-05,0.0009744738090375904,1.0,3.5
759,1.77463946315903e-13,6.213883070504966e-05,1.45243280564537e-16,7.02237747118861e-15,3.41595106151046e-14,6.213883070604886e-05,4.47221537689009e-16,0.00015846508455297226,0.00012427766108713545,0.0007106076081981882,1.0,3.5
760,0.000170748458352665,4.646369309913023e-06,3.51705490414802e-08,3.95990867094875e-05,2.83721540595295e-08,1.31722047740368e-05,3.52099427781437e-07,0.0007579939164656935,8.525834893080564e-06,0.001196312108731945,1.0,3.5
761,0.00024378923963812,1.84358806704088e-06,4.89874635125676e-08,5.63774280193951e-05,3.16329726252095e-07,1.1837759126054337e-05,1.05453521780999e-07,0.0008449270004575737,1.3681346706095887e-05,0.0012856440098403255,1.0,3.5
762,0.000240249045868258,1.072318438205544e-05,4.37851930331194e-08,4.83778230391521e-05,2.36665384839352e-07,1.6483196702055114e-05,1.14929810353446e-07,0.0007616774114467262,2.7206380734168256e-05,0.0012486940086091636,1.0,3.5
763,0.000225182625282907,1.8711949601069033e-05,3.80919433783574e-08,3.89021718545763e-05,1.69178248232178e-07,2.0584722923044918e-05,1.22976801406934e-07,0.0006891709884655484,3.9296672066146954e-05,0.001212117609611596,1.0,3.5
764,0.000200858611635634,2.5751304651044915e-05,6.29064578363049e-08,2.78289921955218e-05,2.22279639363801e-07,2.4326974352062436e-05,2.58034364061899e-07,0.0006252409784508473,5.007827869507597e-05,0.001175584309748956,1.0,3.5
765,0.000167451558652574,3.131801119604649e-05,2.47169897845787e-08,1.48169772603216e-05,6.57300788792627e-08,2.7262530401084284e-05,1.34274418938181e-07,0.0005763878154709801,5.858054100615906e-05,0.0011420720093155978,1.0,3.5
766,0.000129100210133769,3.5278045943054614e-05,1.68418183412876e-08,2.59677970596342e-07,2.92199904919918e-08,3.0026387631054696e-05,1.36949272207107e-07,0.0005318884314533534,6.530443313612633e-05,0.001106460609662463,1.0,3.5
767,8.83081831486582e-05,3.749488339005458e-05,7.71284416671467e-09,1.50907078916275e-05,3.25984989785828e-09,3.31408984910464e-05,1.36109578843761e-07,0.0004801556194706791,7.063578129806736e-05,0.001062443909177091,1.0,3.5
768,4.8955840843321e-05,4.031376370006168e-05,4.06382447395617e-09,2.65321466662458e-05,9.84784902577493e-09,4.0133074205084274e-05,1.20808839848765e-07,0.00034949553545970957,8.044683780517037e-05,0.0009744738090375904,1.0,3.5
769,1.64607043273701e-13,6.213883070405046e-05,3.48025509236058e-16,6.13962006235091e-15,2.30932894335067e-14,6.213883070405046e-05,4.43191354925973e-16,0.00015846508455297226,0.00012427766108713545,0.0007106076081981882,1.0,3.5
770,0.000170749162627031,4.6462811749137245e-06,2.34435937956633e-08,3.95984539011775e-05,1.88987595465347e-08,1.3173346713080125e-05,2.34735848267605e-07,0.0007579873224585754,8.527064959129582e-06,0.0011963122087763622,1.0,3.5
771,0.000243787117472377,1.8433146970475711e-06,8.16467671897878e-08,5.63774203489236e-05,5.27219004111616e-07,1.1837336876041604e-05,1.75755559409062e-07,0.0008449298234438629,1.3680651090086648e-05,0.0012856434095738223,1.0,3.5
772,0.000240247413793789,1.0722917416050581e-05,7.29760581184794e-08,4.83778989803882e-05,3.9444419370246e-07,1.6482848081034174e-05,1.91549380092205e-07,0.0007616800974687976,2.7205765146143257e-05,0.0012486933082982432,1.0,3.5
773,0.000225181427134878,1.8711700959073152e-05,6.34870962108234e-08,3.89023198882849e-05,2.8196494743823e-07,2.058443928104614e-05,2.04960982767439e-07,0.0006891734494445245,3.929613977315949e-05,0.0012121173094783444,1.0,3.5
774,0.000200859625203557,2.575157541606643e-05,4.19372196106121e-08,2.78287339968403e-05,1.48185521322723e-07,2.432725698703342e-05,1.72023068204655e-07,0.0006252382894444963,5.007883209107167e-05,0.0011755844097933732,1.0,3.5
775,0.000168282934595081,3.1459292276048156e-05,3.23917290624266e-08,1.4947271704383e-05,8.56284627776243e-08,2.7531204734032588e-05,1.77994975639326e-07,0.0005720521854470917,5.899049642110743e-05,0.0011400669081922388,1.0,3.5
776,0.000129099966412074,3.5277916428044787e-05,2.8069865030871e-08,2.59967245333536e-07,4.87003058872516e-08,3.0026253473036668e-05,2.2824819173161e-07,0.0005318897984523119,6.530416946215478e-05,0.001106460609662463,1.0,3.5
777,8.78836799354339e-05,3.734246020803411e-05,1.05845683609464e-08,1.52411011391938e-05,5.04990143953177e-09,3.289891395907851e-05,1.82346540704474e-07,0.0004845604814533999,7.024137358413451e-05,0.001064616108124028,1.0,3.5
778,4.89558798263635e-05,4.0313767406041645e-05,6.77287041808586e-09,2.65318649517725e-05,1.64128789406257e-08,4.013299559407768e-05,2.01347463398706e-07,0.0003494959364616079,8.044676290808184e-05,0.0009744738090375904,1.0,3.5
779,1.75369267718661e-13,6.213883070405046e-05,2.37952730707414e-16,6.60420069326095e-15,1.46175660551556e-14,6.213883070405046e-05,6.10869997164434e-16,0.00015846508455297226,0.00012427766108713545,0.0007106076081981882,1.0,3.5
780,0.000170749585095123,4.646228309923561e-06,1.17207648471324e-08,3.95980741998325e-05,9.44455964444705e-09,1.3174031890050841e-05,1.17368791901943e-07,0.0007579833664692615,8.527803004088064e-06,0.001196312108731945,1.0,3.5
781,0.000245430212937672,1.939363867053956e-06,3.1974143410151e-08,5.65751438668116e-05,2.07096538466762e-07,1.2192840040059494e-05,6.97574638703222e-08,0.0008409669504487738,1.4132203415173628e-05,0.0012843406093452359,1.0,3.5
782,0.000240244965679393,1.0722516965044893e-05,1.02168152076845e-07,4.83780128897155e-05,5.5222662618382e-07,1.6482325150057875e-05,2.68168836215091e-07,0.0007616841254503015,2.7204841760108955e-05,0.0012486926098063122,1.0,3.5
783,0.000225179629916316,1.871132798403341e-05,8.88831425718401e-08,3.89025419389184e-05,3.94753984184031e-07,2.0584013819047176e-05,2.86945013298141e-07,0.0006891771404582414,3.92953413431707e-05,0.0012121168092562584,1.0,3.5
784,0.000200860233270068,2.5751737871060332e-05,2.09684842425181e-08,2.78285790737723e-05,7.40924438763111e-08,2.4327426569048516e-05,8.60115827786736e-08,0.0006252366784451624,5.0079164137128984e-05,0.0011755845098377904,1.0,3.5
785,0.000168283301790771,3.145942412507985e-05,1.61957783204242e-08,1.4947082204712e-05,4.2813980059771e-08,2.753133707006361e-05,8.89975641010226e-08,0.0005720508534636792,5.899076060511543e-05,0.0011400668081478216,1.0,3.5
786,0.00012972626378392,3.542464961303615e-05,1.10180661574131e-08,3.90081354588012e-07,1.88401671254721e-08,3.0280523771075707e-05,9.0831898604532e-08,0.0005275133174507118,6.570517295112488e-05,0.0011043574086215813,1.0,3.5
787,8.78837269774014e-05,3.734251412107481e-05,5.2922372112969e-09,1.52413322737715e-05,2.5248623826185e-09,3.289898893304999e-05,9.11733841453755e-08,0.0004845597984513006,7.024150247714189e-05,0.0010646163082128624,1.0,3.5
788,4.89559383256245e-05,4.031377297203376e-05,9.48167410532758e-09,2.65314423834487e-05,2.29775294925672e-08,4.0132877684062596e-05,2.81885535922479e-07,0.00034949653846183537,8.044665056716749e-05,0.0009744738090375904,1.0,3.5
789,1.55087748199279e-13,6.213883070604886e-05,8.14710169987076e-17,6.57373461221411e-15,4.93772774404211e-15,6.213883070504966e-05,4.05583092067882e-16,0.00015846508455297226,0.00012427766108713545,0.0007106076081981882,1.0,3.5
790,0.00017074972594295,4.646210688963315e-06,1.12987842416619e-16,3.95979476238993e-05,2.44026803972175e-16,1.3174260284076755e-05,1.71547888741519e-16,0.0007579820474461485,8.52804902806703e-06,0.0011963122087763622,1.0,3.5
791,0.000245430733000654,1.9394303780728706e-06,2.53721307811737e-17,5.65751458791315e-05,5.7970121758455e-15,1.2192944827071894e-05,2.03101560092636e-16,0.0008409662514452521,1.4132374718145435e-05,0.0012843408094340703,1.0,3.5
792,0.000241689494337065,1.0834483950061813e-05,3.07971650501007e-17,4.85532294097991e-05,1.79191514057542e-15,1.6811787670045764e-05,3.30610511840509e-16,0.0007575912594575129,2.7646271274162082e-05,0.0012471644095057854,1.0,3.5
793,0.000226422715051126,1.883604823404994e-05,8.93096716508357e-17,3.9058126283512e-05,1.13353337133359e-15,2.08904970410706e-05,4.21144781374838e-18,0.000684978609456266,3.972654481909643e-05,0.001210398109833477,1.0,3.5
794,0.000200860435955795,2.575179202607414e-05,5.23601886674718e-17,2.78285274299467e-05,1.65359804842058e-15,2.4327483099051417e-05,4.4520051707686e-18,0.0006252361414453844,5.007927481015528e-05,0.0011755845098377904,1.0,3.5
795,0.000168283424079466,3.1459468072037033e-05,3.17984638728737e-17,1.49470190319404e-05,3.54406716647493e-15,2.7531381180057046e-05,1.70619540631328e-16,0.0005720504094597345,5.8990848665119167e-05,0.0011400669081922388,1.0,3.5
796,0.000129726323345842,3.5424681466056374e-05,9.49108887727916e-17,3.90009738526949e-07,2.25419184186892e-15,3.0280557342055037e-05,5.71984408621884e-17,0.0005275129794597433,6.570523837012843e-05,0.0011043574086215813,1.0,3.5
797,8.78837425974527e-05,3.7342532092032865e-05,2.4768090410663e-17,1.52414093216999e-05,2.92769823141692e-15,3.2899013928056053e-05,4.5705897833842e-18,0.00048455957045234754,7.024154543711081e-05,0.0010646163082128624,1.0,3.5
798,4.91883945603969e-05,4.0482273993058815e-05,2.83756037330191e-17,2.62818803478595e-05,1.09802575018469e-15,4.0354497614081275e-05,2.05354667732333e-17,0.0003450762644661154,8.08367715051661e-05,0.0009722604081616737,1.0,3.5
799,1.44940483226552e-13,6.213883070405046e-05,4.1022652668473e-17,6.56777150026544e-15,1.63763317143073e-15,6.213883070305126e-05,2.02041074842674e-16,0.00015846508455297226,0.00012427766108713545,0.0007106076081981882,1.0,3.5
800,0.000213357375178223,1.1509966759082335e-05,7.39733989869678e-17,2.68622070243083e-05,1.70490791623346e-16,2.9978025076038417e-05,1.52129658425714e-16,0.00019265506344368077,4.148799127612346e-05,0.0008160144097928423,1.0,4.0
801,0.00020983654890704,1.4639344335043436e-05,5.22375806483568e-18,2.85193466682117e-05,4.8044928495708e-15,3.508842939403678e-05,1.91542101461457e-16,0.00012751367646046674,4.972777323208888e-05,0.0007682475097681163,1.0,4.0
802,0.000207531628877745,1.9011818442049577e-05,1.02943950721204e-16,3.11624713869169e-05,9.17763586481823e-16,4.095074976806501e-05,3.36527884010028e-16,4.205776545518347e-05,5.996256786711118e-05,0.0007054460093058879,1.0,4.0
803,0.000226245394264491,2.470058680803522e-05,4.35449050271595e-17,4.164228788315e-05,2.6643726287745e-15,5.028763925007951e-05,6.18164644906188e-18,0.00012948784555533166,7.498822558815732e-05,0.0005752704091719352,1.0,4.0
804,0.000195565511771731,3.121136698708282e-05,3.27023539067124e-17,3.89612176908482e-05,7.54103268545137e-16,5.4463599309051425e-05,1.00750333911163e-16,0.00016276958655225826,8.567496599010127e-05,0.0005696852094843052,1.0,4.0
805,0.000165202000050671,3.8126413559047556e-05,3.87595923916463e-17,3.54360012832483e-05,3.22165254543205e-15,5.845289980505042e-05,2.14340840269753e-16,0.00017809076453545458,9.657931280115939e-05,0.0005857471096533118,1.0,4.0
806,0.000168268947951586,4.7349758800052655e-05,1.18751054589738e-16,3.57387043360071e-05,1.40986940004584e-15,6.0627040302074775e-05,1.08157637034902e-16,0.0001378703395289449,0.00010797679867413645,0.0006706740095978603,1.0,4.0
807,0.000155060153342918,5.711765940108471e-05,4.88441549034192e-18,3.08716732382783e-05,1.16982026279397e-15,6.040492346803816e-05,1.6344347750219e-17,0.0001184606225308471,0.00011752258228314716,0.000730847408703994,1.0,4.0
808,7.91383857942345e-05,6.085550023904318e-05,4.4261071384063e-17,1.57677965224531e-05,1.17865651049973e-15,6.16995484640781e-05,3.97707379724312e-17,0.00014835638654631111,0.0001225550486031457,0.000715722308086697,1.0,4.0
809,1.44436546056781e-13,6.213883070405046e-05,4.08238116841051e-17,6.49122682688796e-15,1.55880489722746e-15,6.213883070305126e-05,2.26850669867752e-16,0.00015846508455297226,0.00012427766108713545,0.0007106076081981882,1.0,4.0
810,0.000212558994022824,1.1516115034082564e-05,1.4357503392963e-08,2.66986256037839e-05,4.25471021809511e-07,2.9860291516081716e-05,3.60249421159734e-08,0.00019475149244385648,4.137640598511627e-05,0.0008175470084097469,1.0,4.0
811,0.000209100548814411,1.4750936258078884e-05,1.40495605167763e-08,2.82585345165291e-05,1.03292842769574e-06,3.488769792908686e-05,2.60263701215629e-07,0.00012769525244493707,4.963863368812049e-05,0.0007678240090172039,1.0,4.0
812,0.000207531956339942,1.9011803332080746e-05,2.60096040381897e-09,3.11625426641798e-05,3.14274143991129e-07,4.0950729497057914e-05,6.75513742448162e-08,4.205835145398851e-05,5.996253247808614e-05,0.0007054465095279738,1.0,4.0
813,0.000226245772192793,2.4700593770077273e-05,1.01214149836076e-08,4.16423594976051e-05,3.11574692696905e-07,5.0287622502032114e-05,4.68464713261744e-08,0.00012948749653673985,7.498821580509407e-05,0.0005752707093051868,1.0,4.0
814,0.000195565894763427,3.121139141404328e-05,1.51468416650456e-08,3.89612841522968e-05,2.97512495073032e-07,5.44635693710549e-05,4.31030123039171e-08,0.00016276932154823953,8.567496048417222e-05,0.0005696854095731396,1.0,4.0
815,0.000165202350162289,3.81264538250603e-05,1.94937466243577e-08,3.54360578981216e-05,2.606445200651e-07,5.845285698807823e-05,3.66157213747303e-08,0.00017809058354600893,9.657931024908972e-05,0.000585747209697729,1.0,4.0
816,0.000168269123169451,4.734979165904596e-05,1.41288321521377e-08,3.57387312109247e-05,1.26180223887563e-07,6.062700687403666e-05,1.73200900331042e-08,0.00013787027754119663,0.00010797679811114236,0.0006706740095978603,1.0,4.0
817,0.000155060153365977,5.711765940108471e-05,2.08311447992961e-16,3.08716732398049e-05,1.22421333053485e-14,6.040492346703896e-05,1.69626733313851e-15,0.0001184606225308471,0.00011752258228814316,0.000730847408703994,1.0,4.0
818,7.91383857686109e-05,6.085550023904318e-05,7.94643959466622e-16,1.57677965193031e-05,9.2150679448233e-15,6.16995484630789e-05,4.36264319483327e-16,0.00014835638754107094,0.0001225550486061433,0.000715722109816852,1.0,4.0
819,1.43087798554209e-13,6.213883070604886e-05,4.5477622454557e-17,6.17745871817066e-15,4.88147120381727e-15,6.213883070604886e-05,2.99244881803683e-16,0.00015846508455297226,0.00012427766108713545,0.0007106076081981882,1.0,4.0
820,0.000212560288219044,1.1516023352087235e-05,4.51689499332665e-09,2.66989086389302e-05,6.9077814019427e-07,2.9860534213055345e-05,4.14776071034771e-08,0.00019475153445114302,4.137655699409937e-05,0.0008175484090315877,1.0,4.0
821,0.000209099072614468,1.4751137887070165e-05,1.00359610023804e-08,2.82581330345857e-05,7.37810709817505e-07,3.488781782806649e-05,1.85902647268485e-07,0.00012769082445629465,4.9638955227138126e-05,0.0007678224083065288,1.0,4.0
822,0.000207365699899679,1.910773910707153e-05,1.76390287391828e-08,3.10594959906713e-05,7.86964651917538e-07,4.085419420407632e-05,8.69200023774069e-08,4.016164945142009e-05,5.9961932963092934e-05,0.0007033319088805001,1.0,4.0
823,0.000226246905876584,2.4700614657036102e-05,2.02428401680667e-08,4.16425743418423e-05,6.23147404165856e-07,5.028757225705727e-05,9.36926481925645e-08,0.00012948645454002872,7.498818643414396e-05,0.0005752714096161071,1.0,4.0
824,0.000195567043794751,3.121146469503566e-05,3.02935065257448e-08,3.89614835336859e-05,5.95022716395351e-07,5.4463479564059725e-05,8.62056821738215e-08,0.00016276852454666368,8.567494395006481e-05,0.0005696861080650706,1.0,4.0
825,0.000166127049768899,3.8119651422086065e-05,4.90925361492016e-08,3.56082350907487e-05,6.48229785483851e-07,5.849386460304862e-05,9.11537340554063e-08,0.00017631147855468043,9.661351545908747e-05,0.0005879365089640487,1.0,4.0
826,0.000166877865462916,4.726630163204293e-05,3.6010221390626e-08,3.55163135576764e-05,3.22931302561071e-07,6.0668632144045276e-05,4.43112078125988e-08,0.00013962113354182293,0.00010793493335015114,0.0006684709096589359,1.0,4.0
827,0.000155060153350648,5.711765940108471e-05,2.908715376036e-16,3.08716732386537e-05,2.85830929237785e-15,6.040492346803816e-05,1.27420013288412e-15,0.00011846062153608727,0.00011752258228114876,0.0007308472086151596,1.0,4.0
828,7.91383857721957e-05,6.085550023504638e-05,3.16430756786999e-16,1.57677965193666e-05,1.34245235370797e-14,6.16995484620797e-05,1.22228209541511e-15,0.00014835638654631111,0.0001225550486001481,0.0007157222098612692,1.0,4.0
829,1.31348924792274e-13,6.213883070504966e-05,1.65897331950386e-16,5.96723191692572e-15,1.74491497639817e-14,6.213883070305126e-05,4.21932522015785e-16,0.00015846508455297226,0.00012427766108713545,0.0007106076081981882,1.0,4.0
830,0.000212368506620372,1.1397247970057478e-05,1.4305106036413e-08,2.67711983058106e-05,4.01676110113423e-07,2.9951099153047167e-05,1.17134534920739e-07,0.0001967343154660739,4.134834655711295e-05,0.0008195734080800321,1.0,4.0
831,0.000209098088345195,1.475127231403972e-05,6.02180638677926e-09,2.82578653764487e-05,4.42688594792128e-07,3.488789775607515e-05,1.11541679973181e-07,0.00012768786945116517,4.963916957212433e-05,0.0007678211095480947,1.0,4.0
832,0.000207364188319111,1.9107757278036264e-05,1.54250000122151e-08,3.10591864818641e-05,4.74104412682638e-07,4.0854138412038665e-05,1.97000372433399e-08,4.0160734471328396e-05,5.996189534107632e-05,0.0007033309084363282,1.0,4.0
833,0.000226248795335758,2.4700649466080637e-05,3.03642817414945e-08,4.16429324098245e-05,9.34716240123378e-07,5.028748851204634e-05,1.40538247045638e-07,0.00012948471754725688,7.498813750217437e-05,0.0005752726083301241,1.0,4.0
834,0.000195568958744303,3.121158683105918e-05,4.54398170482251e-08,3.89618158249482e-05,8.92528696070489e-07,5.44633298800723e-05,1.29307675979727e-07,0.0001627671915400697,8.56749164130921e-05,0.0005696870084648253,1.0,4.0
835,0.000166125651948483,3.811948831805578e-05,2.94559340971302e-08,3.56080087755813e-05,3.8894048961335e-07,5.849403795904484e-05,5.46926483024662e-08,0.00017631219853342373,9.661352571510573e-05,0.0005879359086975455,1.0,4.0
836,0.000166877148721158,4.7266167791049085e-05,2.16065028795565e-08,3.55162036891181e-05,1.93760182604937e-07,6.066876829008416e-05,2.65869434043791e-08,0.00013962139553314046,0.00010793493565308676,0.0006684707095701015,1.0,4.0
837,0.000155060153422932,5.711765940308311e-05,8.17967011669269e-16,3.08716732454589e-05,7.76573358569899e-16,6.040492346504056e-05,3.2117659768717e-15,0.00011846062153608727,0.00011752258228214796,0.000730847408703994,1.0,4.0
838,7.91383857792014e-05,6.085550024104158e-05,4.72306418421945e-16,1.57677965195583e-05,2.08025599784251e-14,6.16995484620797e-05,1.6413143766195e-15,0.00014835638452836974,0.0001225550486031457,0.000715722109816852,1.0,4.0
839,1.35220827590654e-13,6.213883070405046e-05,3.41653280373864e-16,5.76969028109886e-15,2.56438750442789e-14,6.213883070305126e-05,4.15718688314727e-16,0.00015846508455297226,0.00012427766108713545,0.0007106076081981882,1.0,4.0
840,0.000212368201652361,1.1397346179053969e-05,4.7684405633684e-09,2.67710744209762e-05,1.33893087733982e-07,2.9951145282036684e-05,3.90450512184718e-08,0.00019673256946362017,4.134849090109416e-05,0.0008195728096325183,1.0,4.0
841,0.000209097596399024,1.4751339526053453e-05,2.00731868419204e-09,2.82577315537805e-05,1.47564034412895e-07,3.4887937714056516e-05,3.71807771565023e-08,0.00012768639345495103,4.963927674317414e-05,0.0007678206093260087,1.0,4.0
842,0.000208080667846285,1.910835359908436e-05,1.13306811579366e-09,3.12476722849411e-05,1.56523802525568e-07,4.094738060705927e-05,3.34512521258161e-08,3.801905344857914e-05,6.005573385814422e-05,0.0007015775081526954,1.0,4.0
843,0.000225879769374631,2.477854325305673e-05,4.87208153434586e-09,4.15228216203309e-05,1.55438043683901e-07,5.0196237100064156e-05,2.33276831941772e-08,0.00013133771355455792,7.497477988116508e-05,0.0005731271085096523,1.0,4.0
844,0.000196182568381318,3.116047566803504e-05,7.72885934905033e-09,3.9103991042111e-05,1.4864743540516e-07,5.453903631907897e-05,2.15665187609225e-08,0.00016095156354367646,8.569951168913015e-05,0.0005718585089198314,1.0,4.0
845,0.000166124953014661,3.8119406769066e-05,9.81876630977053e-09,3.56078956139228e-05,1.29647959184705e-07,5.849412464103976e-05,1.82310485574756e-08,0.00017631255855121708,9.661353085010926e-05,0.0005879357086087111,1.0,4.0
846,0.000166876790333398,4.726610086808192e-05,7.20226776524003e-09,3.551614875153e-05,6.45873259675554e-08,6.066883636007825e-05,8.86239899635406e-09,0.00013962152755198076,0.0001079349368111604,0.0006684704094368499,1.0,4.0
847,0.000155060153386163,5.711765940208391e-05,1.04408372748823e-15,3.08716732409029e-05,3.2505384018125e-14,6.040492346703896e-05,7.74076305441393e-16,0.00011846062153608727,0.00011752258228114876,0.0007308473086595768,1.0,4.0
848,7.91383857945841e-05,6.085550023904318e-05,5.80619486002668e-16,1.57677965186914e-05,2.48095272624427e-15,6.16995484610805e-05,4.0525054693279e-15,0.00014835638452836974,0.0001225550486021465,0.000715722109816852,1.0,4.0
849,1.19797401165744e-13,6.213883070305126e-05,3.67637710096784e-17,6.21399633138342e-15,3.69544618430279e-14,6.213883070305126e-05,5.45629825501014e-16,0.00015846508455297226,0.00012427766108713545,0.0007106076081981882,1.0,4.0
850,0.000212368201576925,1.1397346178054768e-05,4.76844053294065e-09,2.67710744185001e-05,1.33893082033518e-07,2.9951145284035086e-05,3.90450510838563e-08,0.00019673256946362017,4.134849090109416e-05,0.0008195728096325183,1.0,4.0
851,0.000209097596304967,1.4751339525054252e-05,2.00731864790505e-09,2.82577315513529e-05,1.47564035677468e-07,3.488793771705412e-05,3.71807772746736e-08,0.00012768639345495103,4.963927674217494e-05,0.0007678206093260087,1.0,4.0
852,0.000208080667775718,1.910835359708596e-05,1.13306811106169e-09,3.12476722834641e-05,1.56523802098528e-07,4.094738060606007e-05,3.34512519783595e-08,3.801905344857914e-05,6.005573385714502e-05,0.0007015775081526954,1.0,4.0
853,0.000225879769321389,2.4778543251058327e-05,4.87208143601613e-09,4.15228216183501e-05,1.55438046400369e-07,5.019623710206256e-05,2.33276830067051e-08,0.00013133771454931775,7.497477987916668e-05,0.0005731271085096523,1.0,4.0
854,0.000196182568353228,3.1160475665037435e-05,7.72885940095058e-09,3.91039910408553e-05,1.48647437350828e-07,5.453903632007817e-05,2.15665185987547e-08,0.00016095156354367646,8.569951168613255e-05,0.0005718585089198314,1.0,4.0
855,0.00016612495294834,3.8119406764069996e-05,9.81876649288423e-09,3.56078956142609e-05,1.29647962941113e-07,5.849412464303816e-05,1.82310487955732e-08,0.00017631255855121708,9.661353085010926e-05,0.0005879357086087111,1.0,4.0
856,0.000166876790252262,4.7266100867082717e-05,7.20226788315888e-09,3.55161487507915e-05,6.45873307059933e-08,6.066883636207665e-05,8.86239881502633e-09,0.00013962152652879922,0.0001079349368111604,0.0006684704094368499,1.0,4.0
857,0.000155060153329084,5.711765940208391e-05,1.05713650520541e-15,3.08716732396624e-05,3.12222171944612e-14,6.040492346603976e-05,6.77685650109748e-16,0.00011846062153608727,0.00011752258228214796,0.000730847408703994,1.0,4.0
858,7.91383857241066e-05,6.085550023804398e-05,6.69758692272869e-16,1.5767796517628e-05,3.36455039176564e-15,6.16995484620797e-05,4.02651511037435e-15,0.00014835638452836974,0.0001225550486031457,0.000715722109816852,1.0,4.0
859,1.77463946315903e-13,6.213883070504966e-05,1.45243280564537e-16,7.02237747118861e-15,3.41595106151046e-14,6.213883070604886e-05,4.47221537689009e-16,0.00015846508455297226,0.00012427766108713545,0.0007106076081981882,1.0,4.0
860,0.000212368506597815,1.1397247967059876e-05,1.43051060313702e-08,2.67711983042562e-05,4.01676102701519e-07,2.9951099154046368e-05,1.17134534959574e-07,0.0001967343154660739,4.1348346556113746e-05,0.0008195734080800321,1.0,4.0
861,0.000209098088335392,1.475127231204132e-05,6.02180638321077e-09,2.82578653740272e-05,4.42688595719799e-07,3.488789775507595e-05,1.11541680091823e-07,0.00012768786945116517,4.963916957212433e-05,0.0007678211095480947,1.0,4.0
862,0.000207364188317439,1.9107757276037862e-05,1.5425000076503e-08,3.10591864814127e-05,4.74104411957388e-07,4.0854138413037866e-05,1.9700037452784e-08,4.0160734471328396e-05,5.996189534307472e-05,0.0007033309084363282,1.0,4.0
863,0.000226248795288522,2.4700649466080637e-05,3.03642818954205e-08,4.1642932410862e-05,9.34716235012097e-07,5.028748851104714e-05,1.40538246819702e-07,0.00012948471754725688,7.498813750317357e-05,0.0005752726083301241,1.0,4.0
864,0.000195568958693303,3.121158683105918e-05,4.54398170322488e-08,3.89618158247253e-05,8.92528694282721e-07,5.44633298820707e-05,1.29307675808643e-07,0.0001627671915400697,8.56749164110937e-05,0.0005696870084648253,1.0,4.0
865,0.00016612565192061,3.811948831605738e-05,2.94559340844216e-08,3.56080087762963e-05,3.88940494311889e-07,5.849403795904484e-05,5.46926483203386e-08,0.00017631219853342373,9.661352571510573e-05,0.0005879359086975455,1.0,4.0
866,0.000166877148679999,4.7266167789050684e-05,2.16065029077085e-08,3.55162036879453e-05,1.93760176283252e-07,6.066876828908496e-05,2.65869433203805e-08,0.00013962139553314046,0.00010793493565008916,0.0006684707095701015,1.0,4.0
867,0.000155060153384415,5.711765940208391e-05,7.33342914524407e-16,3.08716732446202e-05,5.05934812274067e-15,6.040492346703896e-05,3.12246159917678e-15,0.00011846062153608727,0.00011752258228114876,0.000730847408703994,1.0,4.0
868,7.91383857467109e-05,6.085550023804398e-05,3.63400004261671e-16,1.57677965187799e-05,1.83846536085108e-14,6.16995484650773e-05,1.74838781148191e-15,0.00014835638452836974,0.0001225550486021465,0.000715722109816852,1.0,4.0
869,1.64607043273701e-13,6.213883070405046e-05,3.48025509236058e-16,6.13962006235091e-15,2.30932894335067e-14,6.213883070405046e-05,4.43191354925973e-16,0.00015846508455297226,0.00012427766108713545,0.0007106076081981882,1.0,4.0
870,0.000212560288157731,1.1516023352087235e-05,4.51689490646459e-09,2.66989086376658e-05,6.90778132816586e-07,2.9860534213055345e-05,4.14776065801276e-08,0.00019475153445114302,4.137655699509857e-05,0.0008175484090315877,1.0,4.0
871,0.000209099072596768,1.4751137887070165e-05,1.00359611964049e-08,2.82581330326209e-05,7.37810707094396e-07,3.488781782706729e-05,1.85902647134683e-07,0.00012769082346153482,4.963895522813733e-05,0.0007678224083065288,1.0,4.0
872,0.000207365699828807,1.910773910607233e-05,1.76390286767188e-08,3.10594959908136e-05,7.86964655268983e-07,4.085419420407632e-05,8.69200024303362e-08,4.016164945142009e-05,5.9961932962093734e-05,0.0007033319088805001,1.0,4.0
873,0.000226246905844584,2.4700614657036102e-05,2.02428399793451e-08,4.16425743409394e-05,6.23147406611925e-07,5.028757225705727e-05,9.3692647947357e-08,0.00012948645454002872,7.498818643414396e-05,0.0005752714096161071,1.0,4.0
874,0.000195567043762893,3.121146469503566e-05,3.02935066368984e-08,3.89614835318548e-05,5.95022713631828e-07,5.4463479563060524e-05,8.62056824514603e-08,0.00016276852454666368,8.567494395217423e-05,0.0005696861080650706,1.0,4.0
875,0.000166127049709357,3.811965142003215e-05,4.9092536119162e-08,3.56082350906483e-05,6.48229782975211e-07,5.849386460204942e-05,9.11537344576521e-08,0.00017631147855468043,9.661351545608987e-05,0.0005879365089640487,1.0,4.0
876,0.000166877865413131,4.726630163304213e-05,3.60102214561906e-08,3.55163135571296e-05,3.22931304930961e-07,6.0668632145044477e-05,4.43112076432481e-08,0.00013962113354182293,0.00010793493335115034,0.0006684709096589359,1.0,4.0
877,0.000155060153321156,5.711765940208391e-05,2.778301948312e-16,3.08716732381193e-05,7.49592987507597e-15,6.0404923469037364e-05,1.16994562367016e-15,0.00011846062153608727,0.00011752258228414636,0.0007308472086151596,1.0,4.0
878,7.91383857276185e-05,6.085550023504638e-05,3.06115166038862e-16,1.57677965187647e-05,1.23192742899209e-14,6.16995484620797e-05,1.25108968595123e-15,0.00014835638654631111,0.0001225550486021465,0.0007157222098612692,1.0,4.0
879,1.75369267718661e-13,6.213883070405046e-05,2.37952730707414e-16,6.60420069326095e-15,1.46175660551556e-14,6.213883070405046e-05,6.10869997164434e-16,0.00015846508455297226,0.00012427766108713545,0.0007106076081981882,1.0,4.0
880,0.000212558993931481,1.1516115035081764e-05,1.43575035170722e-08,2.66986256023293e-05,4.25471021238042e-07,2.9860291517080917e-05,3.60249418130914e-08,0.00019475149244385648,4.137640598311787e-05,0.0008175470084097469,1.0,4.0
881,0.000209100548837507,1.4750936258078884e-05,1.40495606321241e-08,2.82585345159914e-05,1.03292841779204e-06,3.488769793008606e-05,2.60263700803633e-07,0.00012769525244493707,4.963863368911969e-05,0.0007678240090172039,1.0,4.0
882,0.000207531956354889,1.9011803333079946e-05,2.60096044644422e-09,3.11625426635648e-05,3.14274136471563e-07,4.0950729499056315e-05,6.75513739166384e-08,4.205835145398851e-05,5.996253247808614e-05,0.0007054465095279738,1.0,4.0
883,0.000226245772168131,2.4700593770077273e-05,1.01214150568647e-08,4.16423594975242e-05,3.11574696726206e-07,5.028762250408603e-05,4.68464713764645e-08,0.00012948749753149968,7.498821580209647e-05,0.0005752707093051868,1.0,4.0
884,0.000195565894759359,3.1211391412044875e-05,1.51468415707503e-08,3.89612841514599e-05,2.97512490503066e-07,5.44635693720541e-05,4.31030123041644e-08,0.00016276932154823953,8.567496048517143e-05,0.0005696854095731396,1.0,4.0
885,0.000165202350148518,3.81264538240611e-05,1.94937465566666e-08,3.54360578967808e-05,2.60644523598989e-07,5.845285698907743e-05,3.66157214597978e-08,0.00017809058454076876,9.657931024908972e-05,0.000585747209697729,1.0,4.0
886,0.000168269123146698,4.734979165904596e-05,1.41288321978974e-08,3.5738731210914e-05,1.26180221461186e-07,6.062700687303746e-05,1.73200897976511e-08,0.00013787027754119663,0.00010797679811014316,0.0006706740095978603,1.0,4.0
887,0.00015506015336605,5.711765940108471e-05,1.31505253193019e-16,3.08716732394993e-05,1.34813221783908e-14,6.040492346603976e-05,1.63496332358098e-15,0.0001184606225308471,0.00011752258228614476,0.000730847408703994,1.0,4.0
888,7.91383857582052e-05,6.085550023704478e-05,7.56084478608764e-16,1.57677965192779e-05,8.60187030111981e-15,6.16995484620797e-05,3.42306342776197e-16,0.00014835638754107094,0.0001225550486091409,0.000715722109816852,1.0,4.0
889,1.55087748199279e-13,6.213883070604886e-05,8.14710169987076e-17,6.57373461221411e-15,4.93772774404211e-15,6.213883070504966e-05,4.05583092067882e-16,0.00015846508455297226,0.00012427766108713545,0.0007106076081981882,1.0,4.0
890,0.000213357375181086,1.1509966759082335e-05,7.13544789931759e-17,2.68622070243317e-05,6.4415161572795e-16,2.9978025076038417e-05,1.71547888741519e-16,0.00019265506344368077,4.148799127612346e-05,0.0008160144097928423,1.0,4.0
891,0.000209836548908052,1.4639344335043436e-05,1.14943429733593e-17,2.85193466679075e-05,3.13247691674512e-15,3.508842939503598e-05,1.47590408861378e-16,0.00012751367745522657,4.972777323308808e-05,0.0007682475097681163,1.0,4.0
892,0.000207531628883599,1.9011818442049577e-05,8.63083162813585e-17,3.11624713869819e-05,9.03736720875292e-16,4.095074976806501e-05,3.30610511840509e-16,4.205776545518347e-05,5.996256786711118e-05,0.0007054460093058879,1.0,4.0
893,0.000226245394270845,2.470058680803522e-05,7.54318838430213e-17,4.16422878829402e-05,2.02171179103372e-15,5.028763924908031e-05,4.21144781374838e-18,0.00012948784555533166,7.498822558815732e-05,0.0005752704091719352,1.0,4.0
894,0.00019556551176869,3.121136698708282e-05,5.23601886674718e-17,3.8961217690709e-05,1.65359804842058e-15,5.4463599309051425e-05,1.15474307633284e-16,0.00016276958655225826,8.567496599010127e-05,0.0005696852094843052,1.0,4.0
895,0.000165202000040868,3.8126413559047556e-05,3.17984638728737e-17,3.54360012830931e-05,2.6558887467748e-15,5.845289980505042e-05,1.70619540631328e-16,0.00017809076354069475,9.657931280115939e-05,0.0005857471096533118,1.0,4.0
896,0.000168268947950185,4.7349758800052655e-05,1.08788676580606e-16,3.57387043358972e-05,9.21924212318737e-16,6.0627040302074775e-05,1.68220743324704e-16,0.0001378703395289449,0.00010797679867513565,0.0006706740095978603,1.0,4.0
897,0.000155060153341727,5.711765940108471e-05,1.08903026028485e-17,3.08716732383287e-05,1.15134139201667e-15,6.040492346803816e-05,4.5705897833842e-18,0.0001184606225308471,0.00011752258228314716,0.000730847408703994,1.0,4.0
898,7.91383857936881e-05,6.085550023904318e-05,4.22533915408335e-17,1.5767796522307e-05,1.09802575018469e-15,6.16995484640781e-05,2.05354667732333e-17,0.00014835638654631111,0.0001225550486031457,0.000715722308086697,1.0,4.0
899,1.44940483226552e-13,6.213883070405046e-05,4.1022652668473e-17,6.56777150026544e-15,1.63763317143073e-15,6.213883070305126e-05,2.02041074842674e-16,0.00015846508455297226,0.00012427766108713545,0.0007106076081981882,1.0,4.0
900,0.000213254215990364,5.453061046045704e-06,7.86822668989912e-17,3.33524785691761e-05,1.05866921132347e-15,3.344020952306126e-05,4.11073559631984e-17,0.00013147393752888092,3.8893270015161185e-05,0.00040006660856306553,1.0,4.5
901,0.000218102801555643,1.1146444291065816e-05,4.6857121488279e-17,3.61567042440188e-05,6.58084968897105e-15,3.67692696530697e-05,1.91542101461457e-16,0.000174718013539632,4.791571344409107e-05,0.00038478510941786226,1.0,4.5
902,0.000229190848515116,1.9336560749039222e-05,7.51883751055755e-17,3.83788235438082e-05,2.69412042588207e-15,3.9918472739042254e-05,2.25505581547512e-16,0.00021852976655623024,5.9255033146077274e-05,0.0003831615085800877,1.0,4.5
903,0.000243399093273278,3.0014274460032908e-05,2.96671172193451e-17,3.91636928701387e-05,1.77619420907438e-15,4.2375098714075854e-05,6.18164644906188e-18,0.000261357221546632,7.238937270515056e-05,0.00039566530904266983,1.0,4.5
904,0.000208052670415723,3.672049100905683e-05,3.27023539067124e-17,3.56193636847701e-05,7.54103268545137e-16,4.484925971204312e-05,1.56261485142421e-16,0.00032064228653894133,8.156975042716841e-05,0.00034702850825851783,1.0,4.5
905,0.000167144831734647,4.335088147605637e-05,3.87595923916463e-17,3.03715937652299e-05,3.22165254543205e-15,4.699879945507801e-05,2.14340840269753e-16,0.00037722066753076433,9.034968038112989e-05,0.0002975983097712742,1.0,4.5
906,0.000133746846090863,4.8562599152035535e-05,7.71176911662941e-17,2.45752273332557e-05,1.40986940004584e-15,4.87479582260697e-05,2.19179939497417e-16,0.00044180516954384075,9.731055696615698e-05,0.00022484240980702452,1.0,4.5
907,0.000131358955193046,4.9091400383061146e-05,2.2871160125287e-17,2.10421236045897e-05,2.81641843093844e-16,5.181483052607572e-05,1.6344347750219e-17,0.0005271185215462992,0.00010090623035607926,0.00010500700955162756,1.0,4.5
908,6.70192867685809e-05,5.2179732398072165e-05,3.03832835762486e-17,1.08918026033241e-05,2.06683493019985e-15,5.288665770708523e-05,3.97707379724312e-17,0.0005475962255445666,0.00010506639001306439,9.219620915246196e-05,1.0,4.5
909,1.3644294027948e-13,5.325297544506169e-05,1.46873395471528e-17,6.26918222196293e-15,6.70626477527331e-16,5.325297544506169e-05,1.71339518636494e-16,0.0005545825015360606,0.00010650595050409883,8.786490980128292e-05,1.0,4.5
910,0.000213254592312904,5.45308211608031e-06,4.72399667839488e-09,3.33525140628911e-05,3.33344584663888e-07,3.344020645207335e-05,2.93030421284387e-08,0.00013147361354981513,3.889328801309766e-05,0.0004000668086518999,1.0,4.5
911,0.000218103140939518,1.1146466933065202e-05,4.26686224032593e-09,3.61567324710769e-05,3.06137216450137e-07,3.6769263267066865e-05,2.63864510657242e-08,0.0001747177555557755,4.7915729699088416e-05,0.00038478530950669665,1.0,4.5
912,0.000229191087489874,1.933657232006114e-05,1.06149909874334e-10,3.83788426199388e-05,2.47377403399669e-07,3.9918471276045864e-05,2.26462697211092e-08,0.0002185295735444015,5.92550432491068e-05,0.00038316200880217366,1.0,4.5
913,0.000243883693332418,3.0020860233070934e-05,3.76408695876045e-08,3.91936852394675e-05,5.43610994901332e-07,4.233874415005001e-05,6.58637617094323e-08,0.00026218320954285446,7.235960391616114e-05,0.0003942776093026623,1.0,4.5
914,0.000208052747337583,3.672047136205059e-05,1.10277393098236e-08,3.56193734265897e-05,1.5032499377487e-07,4.484928001008415e-05,1.7564137067098e-08,0.00032064217953120533,8.156975108408737e-05,0.000347028608302935,1.0,4.5
915,0.000167144910339893,4.3350862237057086e-05,1.1364370076425e-08,3.03716026090383e-05,1.39506774008723e-07,4.699881958003527e-05,1.58479121246418e-08,0.00037722058954159365,9.034968126508947e-05,0.0002975983097712742,1.0,4.5
916,0.000133746905942345,4.856258297908367e-05,1.00985766214762e-08,2.45752334569428e-05,1.00732860559906e-07,4.874797505605155e-05,1.11671719691645e-08,0.0004418051295544956,9.731055762907115e-05,0.00022484250985144172,1.0,4.5
917,0.000131358955204559,4.9091400384060346e-05,3.6096711387892e-16,2.10421236060608e-05,3.35584153781515e-14,5.181483052707492e-05,3.0285349626887e-15,0.0005271185215462992,0.00010090623036107527,0.00010500700955162756,1.0,4.5
918,6.70192867198646e-05,5.2179732397072964e-05,1.11383307904635e-15,1.08918025986198e-05,2.33125151127833e-15,5.2886657706086027e-05,9.91375831795906e-16,0.0005475962265393264,0.00010506639001106599,9.219600906362757e-05,1.0,4.5
919,1.43975976973909e-13,5.325297544506169e-05,1.14866561493629e-16,6.45501447432695e-15,6.65782804321752e-15,5.325297544506169e-05,5.21289486728714e-16,0.0005545825015360606,0.00010650595050409883,8.786490980128292e-05,1.0,4.5
920,0.000213255721027272,5.45314533206831e-06,9.44778924179381e-09,3.33526205135126e-05,6.66687607070359e-07,3.344019724704772e-05,5.86061761665844e-08,0.00013147264255053415,3.8893342015122734e-05,0.00040006810922932345,1.0,4.5
921,0.000218104159217977,1.1146534851069756e-05,8.53345714493806e-09,3.61568171476913e-05,6.12272794730178e-07,3.6769244112055954e-05,5.27729733322739e-08,0.00017471697952942122,4.791577847507167e-05,0.0003847864081762964,1.0,4.5
922,0.000229191804295514,1.933660704006579e-05,2.12496730092255e-10,3.8378899843517e-05,4.94753832318656e-07,3.991846688805589e-05,4.52926222487422e-08,0.0002185289885403563,5.9255073581065965e-05,0.00038316250902425963,1.0,4.5
923,0.000243883273048587,3.0020982129064233e-05,2.68866612030573e-08,3.91936227925148e-05,3.88292914000167e-07,4.2338622431081774e-05,4.70453514506389e-08,0.0002621840445442558,7.235960408114028e-05,0.00039427690899174195,1.0,4.5
924,0.000207532233612332,3.6721857407051584e-05,2.75725900613843e-08,3.55822018397699e-05,3.79387937102775e-07,4.4881786860073714e-05,4.43981017250201e-08,0.00031983705454763367,8.160364397213904e-05,0.0003484274093352724,1.0,4.5
925,0.00016773785747301,4.3336026867069055e-05,2.83461544357617e-08,3.0420079149333e-05,3.45300590866133e-07,4.6976294953038344e-05,3.91813217926711e-08,0.0003780073735413225,9.031232126610611e-05,0.00029619180895679165,1.0,4.5
926,0.000133747085503438,4.856253446605674e-05,2.01970570293481e-08,2.45752518272913e-05,2.01465766318452e-07,4.874802553506141e-05,2.23343589193722e-08,0.0004418050045558175,9.73105595891699e-05,0.0002248426080768695,1.0,4.5
927,0.000131358955183012,4.9091400383061146e-05,2.07604810756714e-16,2.10421236041323e-05,1.0819524529776e-15,5.181483052607572e-05,1.49624473780915e-15,0.0005271185205515394,0.00010090623035008406,0.00010500680946279317,1.0,4.5
928,6.70192867190085e-05,5.217973239307616e-05,2.66436331141208e-16,1.08918025988499e-05,1.96417724749806e-14,5.2886657705086826e-05,1.22228209541511e-15,0.0005475962265393264,0.00010506639000407159,9.219610910804477e-05,1.0,4.5
929,1.34013460051374e-13,5.325297544406249e-05,6.87528172956843e-17,5.96723191692572e-15,1.2120079245781e-14,5.325297544206409e-05,5.329548244783e-16,0.0005545825015360606,0.00010650595050409883,8.786490980128292e-05,1.0,4.5
930,0.000213743313265787,5.471955928038064e-06,6.44879422423605e-08,3.33744740030473e-05,3.25623236856377e-07,3.340728040807095e-05,6.34518217329706e-09,0.0001323695325368135,3.887923577516883e-05,0.0003987368090747623,1.0,4.5
931,0.000218578468461695,1.1162493899041781e-05,6.16272203684269e-08,3.6179755694068e-05,2.25741130111646e-07,3.67335260790802e-05,1.25999432806212e-08,0.00017558912153958772,4.7896019478077534e-05,0.000383432208764134,1.0,4.5
932,0.000227650347800242,1.9224694763064765e-05,1.14914840355076e-10,3.82834358455874e-05,3.76448053239161e-07,3.9952064525061726e-05,3.4445498872835e-08,0.00021806772753052428,5.9176758944068375e-05,0.0003830827081401367,1.0,4.5
933,0.000243882992888609,3.0021063391061364e-05,1.61321394851183e-08,3.919358115978e-05,2.32975676369308e-07,4.2338541283049036e-05,2.82271596039243e-08,0.00026218460155291723,7.235960419915699e-05,0.00039427640876965597,1.0,4.5
934,0.000207531920386046,3.672193648107669e-05,1.65436980645129e-08,3.55821620362328e-05,2.27632718221454e-07,4.488170521405044e-05,2.66388302286992e-08,0.0003198374895418965,8.160364141207577e-05,0.0003484271092020208,1.0,4.5
935,0.000167737548204065,4.3336103320079644e-05,1.70078299197161e-08,3.04200444577714e-05,2.07180431941896e-07,4.697621495808324e-05,2.35087821464958e-08,0.00037800768254214745,9.0312317731156e-05,0.00029619140877912287,1.0,4.5
936,0.000133747384798712,4.856245361106737e-05,3.02953545454954e-08,2.45752824371396e-05,3.02198746431596e-07,4.874810967403498e-05,3.35015790311739e-08,0.00044180479855526755,9.731056287509698e-05,0.0002248428081657039,1.0,4.5
937,0.000131358955257072,4.9091400384060346e-05,3.46122226203577e-16,2.10421236107711e-05,9.65835755557115e-15,5.181483052607572e-05,3.10074367440918e-15,0.0005271185195283579,0.00010090623035807766,0.00010500690950721037,1.0,4.5
938,6.70192867233497e-05,5.2179732397072964e-05,8.6088447704075e-16,1.0891802598986e-05,2.87961657557262e-14,5.288665770708523e-05,1.75233667908201e-15,0.0005475962235550469,0.00010506639001006679,9.219600906362757e-05,1.0,4.5
939,1.36997184430054e-13,5.325297544306329e-05,2.86142129142606e-16,5.99173488602389e-15,2.29793397851785e-14,5.325297544306329e-05,3.04696385852211e-16,0.0005545825015360606,0.00010650595050409883,8.786490980128292e-05,1.0,4.5
940,0.000214553171306457,5.509266878034325e-06,2.45205379182949e-09,3.3451514235753e-05,1.65613673891728e-07,3.345853114106179e-05,1.4485967451832e-08,0.00013187609755505036,3.8967797466149534e-05,0.0004002134082838893,1.0,4.5
941,0.000219508043093944,1.1227317604056708e-05,2.14410216178493e-09,3.62537194865545e-05,1.51658457879834e-07,3.676498786303606e-05,1.30286974869541e-08,0.00017515074554808052,4.799230496910223e-05,0.00038489740836666897,1.0,4.5
942,0.000227649859846475,1.922467102705161e-05,3.83392526778714e-11,3.82833967304333e-05,1.25483572583631e-07,3.995206773904636e-05,1.14818856886472e-08,0.00021806812154068211,5.9176738420152475e-05,0.0003830823097814573,1.0,4.5
943,0.000243882852759585,3.002110402405833e-05,5.37743298054701e-09,3.91935603430302e-05,7.76589351967369e-08,4.2338500711058824e-05,9.40909341345131e-09,0.00026218487954565717,7.235960426410504e-05,0.0003942760085919872,1.0,4.5
944,0.000207531763719502,3.672197602305749e-05,5.51462071354657e-09,3.55821421331615e-05,7.58779827192982e-08,4.48816643930372e-05,8.87965497917022e-09,0.0003198377095543492,8.160364012910204e-05,0.000348426709024352,1.0,4.5
945,0.000167737393586835,4.3336141551053586e-05,5.66933017611226e-09,3.04200271103583e-05,6.90605254479912e-08,4.6976174965074335e-05,7.83630116130601e-09,0.00037800783653096914,9.031231597012024e-05,0.00029619130873470567,1.0,4.5
946,0.000133013126034925,4.860449101007358e-05,5.09677476917379e-09,2.45079396334427e-05,5.10760574191281e-08,4.874619157807514e-05,5.66575826645739e-09,0.00044103261853933873,9.735068219007825e-05,0.00022625530982622877,1.0,4.5
947,0.000131358955225633,4.9091400383061146e-05,8.49794698178823e-16,2.10421236067146e-05,4.31635250545265e-14,5.1814830525076516e-05,1.551232422679e-15,0.0005271185205515394,0.00010090623035607926,0.00010500690950721037,1.0,4.5
948,6.70192867462819e-05,5.2179732399071366e-05,2.93681145889643e-16,1.08918025980636e-05,1.95993937225636e-15,5.288665770708523e-05,3.49739395701532e-15,0.0005475962235550469,0.00010506639000606999,9.219600906362757e-05,1.0,4.5
949,1.25570560893795e-13,5.325297544206409e-05,4.86959241376497e-18,6.18624075576779e-15,3.0737212905127e-14,5.325297544206409e-05,4.34607523038498e-16,0.0005545825015360606,0.00010650595050409883,8.786490980128292e-05,1.0,4.5
950,0.00021455317120704,5.509266876035923e-06,2.45205380837945e-09,3.34515142331659e-05,1.65613669967621e-07,3.345853114206099e-05,1.44859673172164e-08,0.00013187609755505036,3.8967797467148735e-05,0.0004002134082838893,1.0,4.5
951,0.000219508042989229,1.1227317603057507e-05,2.14410219807193e-09,3.62537194837939e-05,1.51658460920763e-07,3.676498786503446e-05,1.30286976606365e-08,0.00017515074554808052,4.799230496710383e-05,0.00038489740836666897,1.0,4.5
952,0.00022764985978479,1.9224671025053208e-05,3.83392063125319e-11,3.82833967290673e-05,1.25483570380234e-07,3.995206773804716e-05,1.14818855411906e-08,0.00021806812253544194,5.9176738422150876e-05,0.0003830823097814573,1.0,4.5
953,0.000243882852722331,3.002110402205993e-05,5.37743305112116e-09,3.91935603413825e-05,7.76589388013838e-08,4.2338500714056426e-05,9.40909328149035e-09,0.00026218487954565717,7.235960426510424e-05,0.0003942760085919872,1.0,4.5
954,0.000207531763693188,3.672197602105909e-05,5.51462060613517e-09,3.55821421316838e-05,7.58779864413236e-08,4.48816643930372e-05,8.87965487251352e-09,0.0003198377095543492,8.160364012610444e-05,0.000348426709024352,1.0,4.5
955,0.000167737393518737,4.3336141547056783e-05,5.6693300623875e-09,3.04200271104189e-05,6.9060528316221e-08,4.697617496807194e-05,7.83630139940359e-09,0.00037800783653096914,9.031231597012024e-05,0.00029619130873470567,1.0,4.5
956,0.000133013125955566,4.860449100907438e-05,5.09677463737716e-09,2.45079396329783e-05,5.10760630457443e-08,4.874619158007354e-05,5.66575802961851e-09,0.00044103261853933873,9.735068219007825e-05,0.00022625530982622877,1.0,4.5
957,0.000131358955162336,4.909140038605875e-05,8.62847475896012e-16,2.10421236057518e-05,4.18803582308627e-14,5.181483052607572e-05,1.56586406980987e-15,0.0005271185205515394,0.00010090623035707846,0.00010500690950721037,1.0,4.5
958,6.70192866762485e-05,5.2179732396073764e-05,1.90664151811628e-16,1.08918025973055e-05,1.88163287034859e-16,5.288665770708523e-05,3.52691474929303e-15,0.0005475962235550469,0.00010506639000806839,9.219600906362757e-05,1.0,4.5
959,1.80572570784854e-13,5.325297544606089e-05,6.19765537176499e-17,6.93911074434173e-15,2.79422616772038e-14,5.325297544606089e-05,3.36199235226493e-16,0.0005545825015360606,0.00010650595050409883,8.786490980128292e-05,1.0,4.5
960,0.000213743313239678,5.4719559250404615e-06,6.44879422373177e-08,3.33744740017149e-05,3.25623248709174e-07,3.340728040907015e-05,6.34518221213182e-09,0.00013236953353157332,3.887923577516883e-05,0.0003987368090747623,1.0,4.5
961,0.000218578468455445,1.116249389804258e-05,6.16272204203628e-08,3.61797556913134e-05,2.25741128295797e-07,3.6733526078081e-05,1.25999433992634e-08,0.00017558912153958772,4.7896019478077534e-05,0.000383432208764134,1.0,4.5
962,0.000227650347780807,1.9224694762065564e-05,1.14914960153963e-10,3.82834358446929e-05,3.76448052513912e-07,3.9952064526060926e-05,3.4445499026768e-08,0.00021806772753052428,5.9176758945067576e-05,0.0003830827081401367,1.0,4.5
963,0.000243882992821833,3.0021063390062164e-05,1.61321396390443e-08,3.91935811605954e-05,2.32975681480589e-07,4.2338541283049036e-05,2.82271598298601e-08,0.00026218460155291723,7.235960420015619e-05,0.00039427640876965597,1.0,4.5
964,0.000207531920326164,3.672193648107669e-05,1.6543698020781e-08,3.55821620358989e-05,2.27632721785579e-07,4.488170521604884e-05,2.66388304552941e-08,0.0003198374895418965,8.160364141007737e-05,0.0003484270091576036,1.0,4.5
965,0.000167737548183298,4.333610331808124e-05,1.70078298630359e-08,3.04200444585975e-05,2.07180434864078e-07,4.697621496008164e-05,2.35087822753905e-08,0.00037800768254214745,9.03123177301568e-05,0.00029619140877912287,1.0,4.5
966,0.000133747384761994,4.856245361006817e-05,3.02953544626251e-08,2.4575282436019e-05,3.02198752753281e-07,4.874810967503418e-05,3.35015790596613e-08,0.000441804797532086,9.731056287209938e-05,0.0002248428081657039,1.0,4.5
967,0.00013135895522122,4.9091400384060346e-05,2.89253704674345e-16,2.10421236103209e-05,1.39411323197419e-14,5.181483052807412e-05,3.01143929671427e-15,0.0005271185195283579,0.00010090623035707846,0.00010500690950721037,1.0,4.5
968,6.7019286694856e-05,5.2179732396073764e-05,8.35244789727362e-16,1.08918025983187e-05,2.90427946449123e-14,5.288665771008283e-05,1.85941011394443e-15,0.0005475962235550469,0.00010506639000906759,9.219600906362757e-05,1.0,4.5
969,1.63718864854001e-13,5.325297544506169e-05,3.06392145812615e-16,6.36166466727595e-15,2.39814678532069e-14,5.325297544506169e-05,2.21146750000942e-16,0.0005545825015360606,0.00010650595050409883,8.786490980128292e-05,1.0,4.5
970,0.000213255720974841,5.453145331069109e-06,9.44778914105396e-09,3.33526205120262e-05,6.66687598804497e-07,3.344019724504932e-05,5.86061758097684e-08,0.00013147264255053415,3.8893342017121135e-05,0.00040006810922932345,1.0,4.5
971,0.000218104159191395,1.1146534850070555e-05,8.53345732508482e-09,3.61568171463094e-05,6.12272795676931e-07,3.6769244113055155e-05,5.27729734660763e-08,0.00017471697952942122,4.791577847707007e-05,0.0003847864081762964,1.0,4.5
972,0.000229191804229964,1.9336607038067388e-05,2.12496653750539e-10,3.83788998434928e-05,4.94753830743567e-07,3.991846688705669e-05,4.52926221958128e-08,0.0002185289885403563,5.9255073582065165e-05,0.00038316250902425963,1.0,4.5
973,0.000243883273020139,3.0020982129064233e-05,2.68866610143357e-08,3.9193622791362e-05,3.88292915106813e-07,4.2338622431081774e-05,4.70453518068688e-08,0.0002621840445442558,7.235960408313868e-05,0.00039427690899174195,1.0,4.5
974,0.000207532233576061,3.6721857408050784e-05,2.75725901864157e-08,3.55822018377168e-05,3.79387938089941e-07,4.488178685907451e-05,4.43981014473814e-08,0.00031983705355287384,8.160364397413744e-05,0.0003484274093352724,1.0,4.5
975,0.000167737857415244,4.3336026865070654e-05,2.83461544935569e-08,3.04200791493436e-05,3.45300588357493e-07,4.697629495103994e-05,3.91813219728723e-08,0.0003780073735413225,9.031232126210931e-05,0.00029619180895679165,1.0,4.5
976,0.000133747085457206,4.856253446905434e-05,2.01970570671571e-08,2.45752518268555e-05,2.01465763948562e-07,4.874802553606061e-05,2.23343590332117e-08,0.0004418050045558175,9.73105595901691e-05,0.0002248426080768695,1.0,4.5
977,0.000131358955161513,4.9091400383061146e-05,1.52930104560869e-16,2.10421236038339e-05,7.49592987507597e-15,5.181483052807412e-05,1.39199022859519e-15,0.0005271185205515394,0.00010090623035308166,0.00010500680946279317,1.0,4.5
978,6.70192866757636e-05,5.217973239207696e-05,3.32263073120603e-16,1.08918025983867e-05,1.94247016475219e-14,5.2886657706086027e-05,1.25108968595123e-15,0.0005475962255445666,0.00010506639000606999,9.219610910804477e-05,1.0,4.5
979,1.78477892187612e-13,5.325297544106489e-05,1.54686003860528e-16,6.63195626887658e-15,7.51213869755463e-15,5.325297544306329e-05,6.66381148395692e-16,0.0005545825015360606,0.00010650595050409883,8.786490980128292e-05,1.0,4.5
980,0.000213254592233994,5.453082117079511e-06,4.72399688577088e-09,3.33525140613255e-05,3.33344580539705e-07,3.344020645407175e-05,2.93030423202984e-08,0.00013147361354981513,3.889328801010006e-05,0.0004000668086518999,1.0,4.5
981,0.000218103140968831,1.1146466934064403e-05,4.26686231404029e-09,3.61567324704282e-05,3.06137225465657e-07,3.6769263267066865e-05,2.6386451477721e-08,0.0001747177555557755,4.7915729698089216e-05,0.00038478530950669665,1.0,4.5
982,0.000229191087524361,1.933657232106034e-05,1.06149839493506e-10,3.83788426193794e-05,2.4737739765646e-07,3.9918471278044265e-05,2.26462695039537e-08,0.0002185295735444015,5.9255043250106e-05,0.00038316200880217366,1.0,4.5
983,0.000243883693295321,3.0020860233070934e-05,3.76408696747394e-08,3.91936852399417e-05,5.4361099087203e-07,4.233874415204841e-05,6.58637616591422e-08,0.00026218320954285446,7.235960391316354e-05,0.0003942776093026623,1.0,4.5
984,0.000208052747331739,3.672047136105139e-05,1.10277393902411e-08,3.56193734258638e-05,1.50324989204903e-07,4.484928001208255e-05,1.75641370673453e-08,0.00032064217953120533,8.156975108508657e-05,0.000347028608302935,1.0,4.5
985,0.000167144910323457,4.3350862235058685e-05,1.13643701163596e-08,3.03716026075301e-05,1.39506777542612e-07,4.699881958203367e-05,1.58479122097093e-08,0.00037722058954159365,9.034968126508947e-05,0.0002975983097712742,1.0,4.5
986,0.000133746905919592,4.856258298008287e-05,1.00985766034721e-08,2.45752334570397e-05,1.00732861686243e-07,4.874797505505235e-05,1.11671718447337e-08,0.0004418051295544956,9.731055762907115e-05,0.00022484250985144172,1.0,4.5
987,0.000131358955198414,4.909140038505955e-05,2.42527555655535e-16,2.10421236052556e-05,3.21330689920934e-14,5.1814830524077315e-05,2.96723095313117e-15,0.0005271185215462992,0.00010090623035807766,0.00010500700955162756,1.0,4.5
988,6.70192867041298e-05,5.217973239507456e-05,1.08915138599631e-15,1.08918025988167e-05,2.94444915498182e-15,5.2886657706086027e-05,7.86395552626259e-16,0.0005475962265393264,0.00010506639001417462,9.219600906362757e-05,1.0,4.5
989,1.56420015828829e-13,5.325297544805929e-05,1.5085995603778e-16,6.8512903683704e-15,6.71408458344236e-15,5.325297544805929e-05,5.16605394530398e-16,0.0005545825015360606,0.00010650595050409883,8.786490980128292e-05,1.0,4.5
990,0.000213254215991451,5.453061046045704e-06,5.35456112771542e-17,3.33524785691995e-05,2.44026803972175e-16,3.344020952306126e-05,6.05255862790033e-17,0.00013147393752888092,3.8893270015161185e-05,0.00040006660856306553,1.0,4.5
991,0.000218102801550438,1.1146444291065816e-05,5.31277063968026e-17,3.61567042437146e-05,4.90883375614537e-15,3.67692696530697e-05,1.47590408861378e-16,0.000174718013539632,4.791571344409107e-05,0.00038478510941786226,1.0,4.5
992,0.000229190848519194,1.9336560749039222e-05,8.63083162813585e-17,3.83788235439287e-05,9.03736720875292e-16,3.9918472739042254e-05,3.30610511840509e-16,0.00021852976655623024,5.925503314507807e-05,0.0003831615085800877,1.0,4.5
993,0.000243399093277856,3.001427446103211e-05,6.15540960352068e-17,3.9163692869929e-05,2.4535495163347e-16,4.2375098714075854e-05,4.21144781374838e-18,0.000261357221546632,7.238937270515056e-05,0.00039566530904266983,1.0,4.5
994,0.000208052670414459,3.672049100905683e-05,5.23601886674718e-17,3.56193636846309e-05,1.65359804842058e-15,4.484925971204312e-05,1.15474307633284e-16,0.00032064228653894133,8.156975042716841e-05,0.00034702850825851783,1.0,4.5
995,0.000167144831726621,4.335088147505717e-05,4.04288825724478e-18,3.03715937651875e-05,2.6558887467748e-15,4.699879945507801e-05,1.70619540631328e-16,0.00037722066753076433,9.034968038112989e-05,0.0002975983097712742,1.0,4.5
996,0.000133746846089462,4.8562599153034736e-05,8.10331009649772e-17,2.45752273331458e-05,9.21924212318737e-16,4.87479582260697e-05,2.23731894555962e-16,0.00044180516954384075,9.731055696715618e-05,0.00022484240980702452,1.0,4.5
997,0.000131358955193631,4.9091400383061146e-05,2.4768090410663e-17,2.10421236046956e-05,2.63162972316544e-16,5.181483052607572e-05,4.5705897833842e-18,0.0005271185215462992,0.00010090623035707846,0.00010500700955162756,1.0,4.5
998,6.70192867671462e-05,5.2179732398072165e-05,4.22533915408335e-17,1.0891802603289e-05,1.98620416988482e-15,5.288665770708523e-05,7.60466180044911e-17,0.0005475962255445666,0.00010506639001306439,9.219620915246196e-05,1.0,4.5
999,1.36946877449251e-13,5.325297544506169e-05,1.32670770528441e-17,6.29021574410915e-15,1.63763317143073e-15,5.325297544506169e-05,1.46529923611416e-16,0.0005545825015360606,0.00010650595050409883,8.786490980128292e-05,1.0,4.5
1000,7.65350447817152e-05,2.67037025303285e-06,4.43013583886168e-17,1.2871332712106e-05,2.24788991674135e-15,2.0424711042077437e-05,3.40829117316185e-17,0.00015106652955410027,2.3095080737167706e-05,0.0002594803081592545,1.0,5.0
1001,5.3208756849072e-05,6.17422002607837e-06,1.56045910294261e-17,9.846247164598e-06,4.62720546557868e-15,2.00063780850801e-05,6.56670762688369e-17,0.00018855183853361268,2.6180597605174327e-05,0.0002118463089573197,1.0,5.0
1002,4.27517594125494e-05,5.440370090037394e-06,9.91524856655063e-17,7.73466276308523e-06,2.26788667056013e-15,1.6150307350082382e-05,2.71913669694628e-16,0.00019195974854824271,2.1590677125149504e-05,0.00017622350969759282,1.0,5.0
1003,2.67861417120412e-05,2.4410172020372656e-06,3.56865568590077e-18,5.8602028970745e-06,2.25547255568517e-15,8.822386817042283e-06,3.8811049643192e-18,0.00012832395253781215,1.1263403560168861e-05,0.00022133480888442136,1.0,5.0
1004,1.6226412201456e-05,3.4017950079623382e-06,8.74128472445781e-17,3.72411367535088e-06,4.46061102551271e-16,5.036443764039333e-06,1.46682389541922e-16,6.676500854041478e-05,1.6346484621454493e-06,0.00026768770840135403,1.0,5.0
1005,1.19031854482732e-05,1.7304137509555062e-06,6.38374851027676e-17,4.90201838415481e-06,3.22073097358544e-15,4.663497255086302e-06,1.02227559371174e-16,7.268797955362061e-05,2.93308298116024e-06,0.00027042230976803694,1.0,5.0
1006,1.52200732643701e-05,1.4454229080862468e-06,3.61973177262021e-17,3.92835855364353e-07,1.73874857654216e-15,5.04796114708661e-06,1.5005781583673e-16,9.786781754428375e-05,6.493383666095198e-06,0.0002612083080748562,1.0,5.0
1007,1.13719381491075e-05,1.5287355470405828e-06,2.37520743904315e-17,2.30945431142895e-06,6.84294201164226e-16,3.375007366079874e-06,1.67831108168967e-17,6.511103154593911e-05,4.903742353068452e-06,0.0003164234094583662,1.0,5.0
1008,2.50169943339556e-06,1.656136642935735e-06,2.94837345862645e-17,3.60291259749596e-06,2.47105260515676e-15,2.0066135109630956e-06,3.1441439485606e-17,4.1986463457988066e-05,3.662750224897593e-06,0.00046635770922875963,1.0,5.0
1009,1.36216125184996e-13,2.1856147909282697e-06,1.26080854198803e-17,6.26831486022494e-15,7.20472672407352e-16,2.1856147909282697e-06,1.50022663969419e-16,4.431725946574261e-05,4.371229991861902e-06,0.00046652330820506904,1.0,5.0
1010,7.57159211156916e-05,2.795856796078411e-06,5.9637637016092e-08,1.269491875406e-05,6.65341434042532e-08,2.044792568206555e-05,3.13441557860112e-08,0.0001521731705338425,2.324378192608556e-05,0.0002586209084256552,1.0,5.0
1011,5.32091083879159e-05,6.174240114065199e-06,6.98356472086555e-09,9.8462697364642e-06,2.90691218717238e-07,2.0006391887039676e-05,1.26815255096213e-08,0.00018855171853715547,2.6180631500172247e-05,0.0002118465090461541,1.0,5.0
1012,4.27520287389247e-05,5.440400649037169e-06,9.26258061950376e-09,7.73467242666275e-06,1.94263664080063e-07,1.615033724905457e-05,4.95970807795235e-09,0.00019195979453456857,2.1590737579124664e-05,0.0001762240081006894,1.0,5.0
1013,2.67862670612967e-05,2.441050104051712e-06,6.72031945948116e-09,5.86018509535831e-06,7.73058408898446e-08,8.822435002053819e-06,2.54894114586665e-08,0.00012832414154217986,1.1263484651080624e-05,0.00022133490892883856,1.0,5.0
1014,1.6145055783119e-05,3.333118073933772e-06,2.27744112796461e-08,3.6595238434237e-06,1.87191655972597e-07,5.115939858080232e-06,4.39465037286664e-08,6.738346755241764e-05,1.782821504092702e-06,0.0002679731096577598,1.0,5.0
1015,1.19032511843235e-05,1.7303856629236058e-06,8.80705861585162e-09,4.90199383176355e-06,2.23914914578575e-08,4.663518531067279e-06,2.8552315190684e-08,7.268812254324075e-05,2.933132338123201e-06,0.00027042230976803694,1.0,5.0
1016,1.52199886218119e-05,1.4454376220385257e-06,5.45939077126633e-09,3.92824048472355e-07,6.6215930655791e-08,5.047970820071246e-06,1.5270507528587e-08,9.786787654775253e-05,6.493408056140737e-06,0.0002612083080748562,1.0,5.0
1017,1.15906490185083e-05,1.4907557930321502e-06,2.19669417380416e-08,2.24789289220438e-06,2.66488338131157e-07,3.2988962520574816e-06,6.2563112648198e-08,6.428826054616366e-05,4.789651489089941e-06,0.00031705070978205185,1.0,5.0
1018,2.50169948653057e-06,1.6561366419365342e-06,1.2386999232735e-15,3.60291260260369e-06,1.4613690032389e-15,2.0066135119622963e-06,9.52818045003943e-16,4.1986463457988066e-05,3.66275022090079e-06,0.00046635760918434244,1.0,5.0
1019,1.42540926978407e-13,2.1856147909282697e-06,1.22690181310944e-16,6.42975256370804e-15,5.67595422702391e-15,2.1856147919274704e-06,5.06939054536332e-16,4.431725946574261e-05,4.371229991861902e-06,0.00046652330820506904,1.0,5.0
1020,7.53829477409193e-05,2.9283922220457725e-06,2.17289291942255e-08,1.26541659602606e-05,3.82700733946668e-07,2.044699629105695e-05,5.18736309044827e-09,0.00015290066653506074,2.337538795216254e-05,0.0002580304080765927,1.0,5.0
1021,5.23442714703354e-05,6.216822377058673e-06,6.0496410464819e-08,9.64848715410434e-06,2.51582250575277e-09,1.9965599677040924e-05,6.06292572850889e-08,0.0001889379715294126,2.6182421560161373e-05,0.00021140150965948123,1.0,5.0
1022,4.28126588488607e-05,5.557333931038855e-06,2.2723045780774e-08,7.73133260614258e-06,2.44303196627479e-07,1.6293849759041468e-05,2.18767707037886e-08,0.00019354862553200292,2.1851183367171956e-05,0.0001751277086441405,1.0,5.0
1023,2.67866428920475e-05,2.4411488060427367e-06,1.34407940599784e-08,5.8601316946017e-06,1.54612603753314e-07,8.822579551037713e-06,5.09783287561812e-08,0.00012832471753654318,1.126372789517216e-05,0.00022133510901767295,1.0,5.0
1024,1.61445185836995e-05,3.3332534519203705e-06,1.0007951238452e-08,3.65960190481723e-06,1.55909749711194e-07,5.115929964050192e-06,1.52306313418296e-08,6.738309653542274e-05,1.78267622708006e-06,0.0002679730096133426,1.0,5.0
1025,1.19034482158006e-05,1.7303013929437228e-06,1.7614151774149e-08,4.90192015742104e-06,4.47830600105192e-08,4.663582356068119e-06,5.71043746923502e-08,7.268855253528272e-05,2.9332804361015263e-06,0.00027042250985687133,1.0,5.0
1026,1.52197346561214e-05,1.4454817690578992e-06,1.09188043088583e-08,3.92788629367748e-07,1.32431684225148e-07,5.047999827034744e-06,3.05409172334635e-08,9.786804955069783e-05,6.493481207070495e-06,0.00026120840811927337,1.0,5.0
1027,1.15899787082145e-05,1.4908309270422748e-06,2.45976871725501e-08,2.24800185552224e-06,3.04951539176645e-07,3.298755798075703e-06,4.73430785799992e-08,6.428798653246304e-05,4.78958615912628e-06,0.00031705060973763466,1.0,5.0
1028,2.50169950078913e-06,1.656136645933337e-06,8.32480921220471e-17,3.60291260473729e-06,5.53342907518711e-16,2.0066135119622963e-06,2.04508820631204e-15,4.1986462463228236e-05,3.662750227895195e-06,0.00046635760918434244,1.0,5.0
1029,1.33146098313386e-13,2.1856147919274704e-06,6.52340306745531e-17,5.93822950881173e-15,1.30394759117851e-14,2.185614792926671e-06,6.49794549222558e-16,4.431725946574261e-05,4.371229991861902e-06,0.00046652330820506904,1.0,5.0
1030,7.5878785918199e-05,2.9330164640350986e-06,5.75296385629272e-09,1.27412280488675e-05,4.64209522625677e-07,2.0554685912055337e-05,2.48284028249648e-08,0.00015349710054124444,2.3487701814151052e-05,0.00025765900863916613,1.0,5.0
1031,5.23458377592645e-05,6.217095666061212e-06,6.75752107970958e-08,9.64869032152619e-06,2.94058101153995e-07,1.996580691804306e-05,4.78141484735794e-08,0.00018893906053563114,2.618290208011853e-05,0.00021140160970389843,1.0,5.0
1032,4.28138019397807e-05,5.5573205680614635e-06,3.20751544426499e-08,7.73150339316619e-06,4.40914426778102e-07,1.629387806606486e-05,1.73372270086841e-08,0.00019354829254325523,2.185119831710214e-05,0.00017512840895506088,1.0,5.0
1033,2.67869114792278e-05,2.4895738220398478e-06,1.86461353498407e-08,5.89301536065487e-06,4.7309840397424e-07,8.823394512080807e-06,5.61126870592984e-08,0.00012817706053169786,1.1312967875154456e-05,0.0002222165094281081,1.0,5.0
1034,1.61442013443969e-05,3.333313205955424e-06,2.75873035602108e-09,3.65964400984384e-06,1.24626632536009e-07,5.115973214064873e-06,1.34853795981496e-08,6.738308053400033e-05,1.782659726168312e-06,0.0002679729095689254,1.0,5.0
1035,1.13470807729123e-05,1.6952004219250583e-06,8.66623302984672e-09,4.76084720164752e-06,5.1962629431876e-07,4.584498501047918e-06,5.75813648679291e-08,7.257913654257209e-05,2.8892975570959933e-06,0.0002704216094571166,1.0,5.0
1036,1.52193114458395e-05,1.4455553450365421e-06,1.63782521305549e-08,3.92729585666667e-07,1.98647118085097e-07,5.048048179079334e-06,4.58111251144732e-08,9.786833655311966e-05,6.493603138091331e-06,0.00026120860820810776,1.0,5.0
1037,1.15892205930306e-05,1.490925953084865e-06,2.72279779027481e-08,2.24808205681175e-06,3.43412713660434e-07,3.298624633052416e-06,3.21227895324988e-08,6.42877905363548e-05,4.78955002913839e-06,0.00031705090987088624,1.0,5.0
1038,2.50169947672851e-06,1.6561366439349356e-06,9.97360543084731e-16,3.60291260136493e-06,3.04656676947644e-14,2.0066135109630956e-06,1.96757876240765e-15,4.1986465447507726e-05,3.6627502258967937e-06,0.00046635750913992524,1.0,5.0
1039,1.36471563216833e-13,2.1856147919274704e-06,2.97099770864761e-16,6.01607522479619e-15,2.13895470346087e-14,2.1856147919274704e-06,3.44067324273539e-16,4.431725946574261e-05,4.371229991861902e-06,0.00046652330820506904,1.0,5.0
1040,7.58780996907055e-05,2.93298709008738e-06,1.91765274914438e-09,1.27411907210801e-05,1.54737536226521e-07,2.0554654002080675e-05,8.27613523180065e-09,0.00015349746254855745,2.3487640537167565e-05,0.00025765820828382857,1.0,5.0
1041,5.32600259445935e-05,6.097781380054457e-06,3.66115150755089e-09,9.78773421689777e-06,1.46208104234577e-07,2.0098218341035867e-05,6.49358670032016e-09,0.0001889655505351584,2.619599921316329e-05,0.00021152570843696594,1.0,5.0
1042,4.30277603380805e-05,5.593072117060505e-06,4.66329836643528e-09,7.76792702077291e-06,9.86447778978197e-08,1.635793805604413e-05,2.14363751583645e-09,0.00019457349753793096,2.1951009848142355e-05,0.0001736690082907444,1.0,5.0
1043,2.66442329140183e-05,2.5701923600518484e-06,3.33152211669767e-09,5.83360004311503e-06,3.90426654491266e-08,8.85706240505435e-06,1.27496159413983e-08,0.00012900906153845426,1.1427254311136004e-05,0.00022157940838951617,1.0,5.0
1044,1.59422625622976e-05,3.3609118539335014e-06,6.31926588864487e-09,3.62386890318892e-06,1.51487038445048e-08,5.004270512032338e-06,1.44345496064731e-08,6.651564254411824e-05,1.6433583741592983e-06,0.0002685790095711127,1.0,5.0
1045,1.15662326569126e-05,1.694232374949145e-06,4.39916911283957e-09,4.77620677717761e-06,1.13731512462546e-08,4.633186157065872e-06,1.42132861780903e-08,7.242163954401803e-05,2.9389532600898605e-06,0.0002713333087740466,1.0,5.0
1046,1.5218718932293e-05,1.445658350085477e-06,2.18377608714535e-08,3.92646928008551e-07,2.6486193605131e-07,5.048115870043279e-06,6.10810349368106e-08,9.786873854977785e-05,6.493773843097017e-06,0.00026120860820810776,1.0,5.0
1047,1.20207194958476e-05,1.4629611250760455e-06,1.31313166846208e-09,2.23324915266272e-06,1.95885119625523e-08,3.2747711480873853e-06,7.60151868735404e-09,6.442486855462448e-05,4.737731714166138e-06,0.00031614600811735727,1.0,5.0
1048,2.50169945963889e-06,1.6561366409373335e-06,4.11897722689663e-16,3.60291260368003e-06,9.7172026284828e-15,2.006613509963895e-06,2.45487258179831e-15,4.1986463457988066e-05,3.6627502268959944e-06,0.00046635750913992524,1.0,5.0
1049,1.24986826444129e-13,2.185614793925872e-06,4.41897088582568e-18,6.10384139065889e-15,3.18892861336101e-14,2.185614793925872e-06,3.95089200884349e-16,4.431725946574261e-05,4.371229991861902e-06,0.00046652330820506904,1.0,5.0
1050,7.58780995859569e-05,2.932987089032668e-06,1.91765281694042e-09,1.27411907193108e-05,1.54737529166549e-07,2.0554654002080675e-05,8.27613495453797e-09,0.00015349746254855745,2.3487640537167565e-05,0.00025765820828382857,1.0,5.0
1051,5.32600258478705e-05,6.097781380054457e-06,3.66115154987826e-09,9.78773421392526e-06,1.4620810534705e-07,2.009821834403347e-05,6.49358682484078e-09,0.0001889655505351584,2.619599921316329e-05,0.00021152570843696594,1.0,5.0
1052,4.3027760274245e-05,5.593072116061304e-06,4.66329839476314e-09,7.76792701958551e-06,9.86447757674031e-08,1.635793805504493e-05,2.143637571661e-09,0.00019457349753793096,2.1951009849141556e-05,0.0001736690082907444,1.0,5.0
1053,2.66442328739225e-05,2.570192361051049e-06,3.33152205599992e-09,5.83360004193694e-06,3.90426658075231e-08,8.857062410050354e-06,1.27496161192244e-08,0.00012900906153845426,1.1427254311136004e-05,0.00022157940838951617,1.0,5.0
1054,1.5942262520281e-05,3.360911854932702e-06,6.31926594405988e-09,3.62386890195721e-06,1.51487036197768e-08,5.004270512032338e-06,1.44345497778296e-08,6.651564254411824e-05,1.6433583731600976e-06,0.0002685790095711127,1.0,5.0
1055,1.15662325728362e-05,1.6942323769475465e-06,4.39916919549813e-09,4.77620677706523e-06,1.13731526804644e-08,4.633186162061875e-06,1.42132859825036e-08,7.242163954401803e-05,2.938953262088262e-06,0.0002713333087740466,1.0,5.0
1056,1.52187190039337e-05,1.4456583490862762e-06,2.18377607493897e-08,3.92646927757992e-07,2.64861929368044e-07,5.04811587104248e-06,6.10810346904985e-08,9.786873854977785e-05,6.493773841098616e-06,0.00026120860820810776,1.0,5.0
1057,1.20207195595744e-05,1.462961127074447e-06,1.31313166708946e-09,2.23324915168044e-06,1.95885116495431e-08,3.2747711480873853e-06,7.60151863840316e-09,6.442486855462448e-05,4.737731713166937e-06,0.00031614600811735727,1.0,5.0
1058,2.50169953201979e-06,1.6561366439349356e-06,3.06168529114539e-16,3.60291260427927e-06,8.06588140462444e-15,2.006613509963895e-06,2.43037469489782e-15,4.1986463457988066e-05,3.6627502238983922e-06,0.00046635750913992524,1.0,5.0
1059,1.79907738012686e-13,2.185614789929069e-06,6.15543077934436e-17,6.90799414199139e-15,2.90063925569711e-14,2.185614789929069e-06,2.77360091545473e-16,4.431725946574261e-05,4.371229991861902e-06,0.00046652330820506904,1.0,5.0
1060,7.58787858763945e-05,2.933016459039095e-06,5.75296386922845e-09,1.27412280473998e-05,4.64209512850415e-07,2.055468591405374e-05,2.48284027258671e-08,0.00015349710054124444,2.3487701814151052e-05,0.00025765900863916613,1.0,5.0
1061,5.23458377752996e-05,6.217095667060413e-06,6.75752108033737e-08,9.64869031848187e-06,2.94058100480665e-07,1.9965806920041462e-05,4.78141485589874e-08,0.00018893906053563114,2.618290208111773e-05,0.00021140160970389843,1.0,5.0
1062,4.28138019342584e-05,5.557320567062263e-06,3.20751543853035e-08,7.73150339213621e-06,4.4091442530398e-07,1.6293878069062462e-05,1.73372266981042e-08,0.00019354829254325523,2.1851198313105336e-05,0.00017512840895506088,1.0,5.0
1063,2.67869114151831e-05,2.489573818043045e-06,1.86461353804932e-08,5.89301536163179e-06,4.73098412355461e-07,8.823394513080007e-06,5.61126876582625e-08,0.00012817706053169786,1.1312967876153657e-05,0.0002222165094281081,1.0,5.0
1064,1.61442012995355e-05,3.3333132069546245e-06,2.7587302484263e-09,3.65964400963003e-06,1.2462663499193e-07,5.115973216063274e-06,1.3485379958519e-08,6.738308053400033e-05,1.782659726168312e-06,0.0002679729095689254,1.0,5.0
1065,1.13470807402995e-05,1.6952004239234597e-06,8.66623301055046e-09,4.76084720174954e-06,5.1962629138266e-07,4.584498503046319e-06,5.75813647655236e-08,7.257913654257209e-05,2.8892975590943948e-06,0.0002704216094571166,1.0,5.0
1066,1.52193114735587e-05,1.4455553430381407e-06,1.63782522448174e-08,3.92729584573087e-07,1.98647125795835e-07,5.0480481810777356e-06,4.58111250896365e-08,9.786833552993812e-05,6.493603136092929e-06,0.00026120860820810776,1.0,5.0
1067,1.15892206366641e-05,1.490925953084865e-06,2.72279778407281e-08,2.24808205643521e-06,3.4341271768569e-07,3.2986246340516168e-06,3.21227896272843e-08,6.42877905363548e-05,4.789550027139988e-06,0.00031705090987088624,1.0,5.0
1068,2.50169950317698e-06,1.6561366449341364e-06,9.73490307598157e-16,3.60291260187386e-06,3.0759181551647e-14,2.006613508964694e-06,2.05858652335949e-15,4.1986465447507726e-05,3.662750227895195e-06,0.00046635750913992524,1.0,5.0
1069,1.63160283894737e-13,2.1856147909282697e-06,3.19633388360567e-16,6.39814807038008e-15,2.23347680411087e-14,2.185614789929069e-06,2.655211120417e-16,4.431725946574261e-05,4.371229991861902e-06,0.00046652330820506904,1.0,5.0
1070,7.53829476764069e-05,2.928392221046572e-06,2.17289290142306e-08,1.26541659575001e-05,3.8270074139797e-07,2.044699628905855e-05,5.18736277259915e-09,0.00015290066653506074,2.3375387955160143e-05,0.0002580304080765927,1.0,5.0
1071,5.23442714910785e-05,6.216822377058673e-06,6.04964105193366e-08,9.64848715290405e-06,2.51582527031923e-09,1.9965599678040125e-05,6.06292572252579e-08,0.0001889379715294126,2.6182421559162172e-05,0.00021140150965948123,1.0,5.0
1072,4.28126587867009e-05,5.557333931038855e-06,2.27230457681806e-08,7.73133260604629e-06,2.44303194015853e-07,1.629384976004067e-05,2.18767707206742e-08,0.00019354862553200292,2.1851183369170357e-05,0.0001751277086441405,1.0,5.0
1073,2.67866428728626e-05,2.4411488060427367e-06,1.34407938861663e-08,5.86013169314305e-06,1.54612603946573e-07,8.822579552036913e-06,5.09783292282623e-08,0.00012832471753654318,1.126372789517216e-05,0.00022133510901767295,1.0,5.0
1074,1.61445185499804e-05,3.3332534519203705e-06,1.00079511475534e-08,3.65960190305148e-06,1.55909748489542e-07,5.115929965049393e-06,1.52306317166908e-08,6.738309653542274e-05,1.7826762300776622e-06,0.0002679730096133426,1.0,5.0
1075,1.19034481528236e-05,1.7303013939429235e-06,1.76141518364084e-08,4.9019201574746e-06,4.4783062960098e-08,4.663582356068119e-06,5.7104374819522e-08,7.268855253528272e-05,2.933280433103924e-06,0.00027042250985687133,1.0,5.0
1076,1.52197346927566e-05,1.4454817700570999e-06,1.09188042437767e-08,3.92788628769539e-07,1.32431684264782e-07,5.0479998280339444e-06,3.05409172614859e-08,9.786804955069783e-05,6.4934812090688965e-06,0.00026120840811927337,1.0,5.0
1077,1.15899787280862e-05,1.4908309270422748e-06,2.45976872016056e-08,2.24800185505956e-06,3.04951545612814e-07,3.2987558010733053e-06,4.7343078517262e-08,6.428798653246304e-05,4.7895861611246815e-06,0.00031705060973763466,1.0,5.0
1078,2.50169954482508e-06,1.6561366479317385e-06,1.43791889609416e-16,3.60291260541719e-06,4.09584475710711e-16,2.0066135109630956e-06,2.02783922737416e-15,4.1986463457988066e-05,3.6627502258967937e-06,0.00046635760918434244,1.0,5.0
1079,1.78173881898447e-13,2.185614793925872e-06,1.50274232754754e-16,6.55801368071307e-15,8.87827409246783e-15,2.185614792926671e-06,7.54655534026746e-16,4.431725946574261e-05,4.371229991861902e-06,0.00046652330820506904,1.0,5.0
1080,7.57159210197431e-05,2.7958567970776116e-06,5.96376372330571e-08,1.26949187528826e-05,6.65341431293673e-08,2.044792568506315e-05,3.13441557664922e-08,0.0001521731705338425,2.324378192408716e-05,0.0002586209084256552,1.0,5.0
1081,5.3209108437075e-05,6.174240116063601e-06,6.98356463809821e-09,9.84626973700908e-06,2.90691223076104e-07,2.0006391887039676e-05,1.26815256985732e-08,0.00018855171853715547,2.618063149406602e-05,0.0002118465090461541,1.0,5.0
1082,4.27520287697145e-05,5.440400649037169e-06,9.26258065359027e-09,7.73467242612673e-06,1.94263657768068e-07,1.615033725105297e-05,4.95970830283367e-09,0.00019195979453456857,2.1590737578125463e-05,0.0001762240081006894,1.0,5.0
1083,2.67862670277647e-05,2.4410501020533104e-06,6.72031960929599e-09,5.86018509552872e-06,7.73058409033904e-08,8.822435002053819e-06,2.54894115014467e-08,0.00012832414154217986,1.1263484649082223e-05,0.00022133490892883856,1.0,5.0
1084,1.6145055778981e-05,3.333118073933772e-06,2.27744114110681e-08,3.65952384253761e-06,1.87191661337656e-07,5.115939861077834e-06,4.3946503780991e-08,6.738346755241764e-05,1.7828215030935013e-06,0.0002679731096577598,1.0,5.0
1085,1.1903251157176e-05,1.7303856629236058e-06,8.80705856704431e-09,4.9019938308989e-06,2.23914960039714e-08,4.66351853206648e-06,2.85523149918803e-08,7.268812353800058e-05,2.9331323411208032e-06,0.00027042230976803694,1.0,5.0
1086,1.52199886400842e-05,1.4454376230377264e-06,5.4593907766632e-09,3.92824048436467e-07,6.62159310000455e-08,5.047970819072045e-06,1.52705077067011e-08,9.786787654775253e-05,6.493408057139938e-06,0.0002612083080748562,1.0,5.0
1087,1.15906490281126e-05,1.4907557960852635e-06,2.19669416103963e-08,2.24789289166315e-06,2.66488337162185e-07,3.29889625005908e-06,6.25631125589647e-08,6.428826054616366e-05,4.789651485093138e-06,0.00031705070978205185,1.0,5.0
1088,2.50169950180611e-06,1.6561366449341364e-06,1.21492010855405e-15,3.60291260248475e-06,2.141136660333e-15,2.0066135119622963e-06,7.94123881237008e-16,4.1986463457988066e-05,3.662750217903188e-06,0.00046635760918434244,1.0,5.0
1089,1.55399131063216e-13,2.1856147879306675e-06,1.57565492364719e-16,6.86571025726446e-15,5.67567640021721e-15,2.1856147879306675e-06,5.3723064679604e-16,4.431725946574261e-05,4.371229991861902e-06,0.00046652330820506904,1.0,5.0
1090,7.65350447858802e-05,2.67037025303285e-06,5.58905161125093e-17,1.28713327121286e-05,9.16909777270991e-16,2.0424711042077437e-05,4.54704226745054e-17,0.00015106652955410027,2.3095080737167706e-05,0.0002594803081592545,1.0,5.0
1091,5.32087568459727e-05,6.17422002607837e-06,1.75852477092241e-17,9.84624716426035e-06,4.69863405995474e-15,2.00063780860793e-05,4.34765071166687e-17,0.00018855183853361268,2.6180597606173528e-05,0.0002118463089573197,1.0,5.0
1092,4.27517594113085e-05,5.440370090037394e-06,8.620720172328e-17,7.73466276310165e-06,1.39799738625712e-15,1.6150307350082382e-05,3.35086233933801e-16,0.00019195974854824271,2.1590677125149504e-05,0.00017622350969759282,1.0,5.0
1093,2.67861417147287e-05,2.4410172020372656e-06,4.14355812302595e-17,5.86020289698125e-06,1.83013326715553e-15,8.822386817042283e-06,3.60514163010375e-17,0.00012832395253781215,1.1263403560168861e-05,0.00022133480888442136,1.0,5.0
1094,1.62264121989471e-05,3.4017950079623382e-06,7.83818878400712e-17,3.72411367512574e-06,1.76048683010049e-15,5.036443764039333e-06,1.34330955105059e-16,6.676500854041478e-05,1.63464846314465e-06,0.00026768770840135403,1.0,5.0
1095,1.19031854410715e-05,1.7304137509555062e-06,3.21694643037711e-17,4.90201838405821e-06,4.6634788045119e-15,4.663497255086302e-06,1.04806774695564e-16,7.268797955362061e-05,2.933082980161039e-06,0.00027042230976803694,1.0,5.0
1096,1.5220073262677e-05,1.4454229080862468e-06,3.97228806109113e-17,3.92835855257722e-07,6.60902539292851e-16,5.04796114708661e-06,2.44492672093165e-16,9.786781853904358e-05,6.493383667094399e-06,0.0002612083080748562,1.0,5.0
1097,1.13719381484518e-05,1.5287355470405828e-06,2.5564301381082e-17,2.30945431147595e-06,2.37846851589008e-16,3.375007366079874e-06,1.79570984817912e-18,6.511103154593911e-05,4.903742353068452e-06,0.0003164234094583662,1.0,5.0
1098,2.50169943487527e-06,1.656136642935735e-06,3.99244744523578e-17,3.60291259751775e-06,2.18607684038252e-15,2.0066135109630956e-06,6.08627053920105e-17,4.1986463457988066e-05,3.662750224897593e-06,0.00046635770922875963,1.0,5.0
1099,1.367447821643e-13,2.1856147909282697e-06,1.56557099641012e-17,6.29276361921449e-15,1.52745112565189e-15,2.1856147909282697e-06,1.33094287002068e-16,4.431725946574261e-05,4.371229991861902e-06,0.00046652330820506904,1.0,5.0
1100,2.50580363779711e-05,7.991796113937522e-06,4.60360818645936e-17,4.25267425614077e-06,1.24868919457871e-15,4.1421332699354e-06,9.65329568667836e-17,5.7299208464201e-05,1.213392993493212e-05,0.00029070290838717483,1.0,5.5
1101,2.37818376516326e-05,8.32458453292606e-06,6.94681415827242e-18,4.68241654557058e-06,7.95787453945415e-15,5.1344455119228805e-06,7.95448640766513e-17,6.457389847014383e-05,1.3459030550833084e-05,0.00029794550937367603,1.0,5.5
1102,1.11262182306927e-05,9.446056302930828e-06,8.44073361197035e-17,3.81614542491434e-06,2.26788667056013e-15,6.189291745950509e-06,2.82322010550489e-16,7.657384546178037e-05,1.563534836190872e-05,0.00030980800875113346,1.0,5.5
1103,3.53749293210037e-06,6.475209974932117e-06,3.34472135047042e-19,4.74462642723484e-07,1.64484989214134e-15,7.0492813779576835e-06,3.85755744838553e-17,8.998864547038465e-05,1.3524491831895524e-05,0.0003467626083875075,1.0,5.5
1104,1.75188988289581e-05,5.066856172963874e-06,6.70298464018507e-17,1.53726112703123e-06,5.5313961961137e-16,7.191652011961924e-06,5.64767687911277e-17,8.503026845119166e-05,1.2258508462870132e-05,0.00035849450978275854,1.0,5.5
1105,2.61034353734152e-05,5.682209615942568e-06,4.77912929499821e-17,2.50427235370091e-06,1.61090758787896e-15,7.606289496919771e-06,2.58997264281947e-17,8.198253044611192e-05,1.3288499629893202e-05,0.00033455280936323106,1.0,5.5
1106,3.04858922894405e-05,8.90982794193862e-06,1.09923700729927e-18,1.96817176421042e-06,1.84977087900468e-15,7.684793097928466e-06,1.84752285356266e-16,7.839853745394976e-05,1.6594621448873248e-05,0.0002882061089621857,1.0,5.5
1107,1.46018030188098e-05,9.460620720935786e-06,4.45687561021531e-17,1.34361067713598e-06,1.53615184808609e-15,6.86065788696455e-06,3.87280404143611e-17,8.284759644539008e-05,1.632127919293236e-05,0.00029366850867518224,1.0,5.5
1108,8.44968072589341e-06,6.7174176929252205e-06,2.16774789443689e-17,1.35597630674528e-06,4.24740944455701e-15,6.6996775869299086e-06,1.75636516777915e-17,9.01594494564506e-05,1.3417095353851494e-05,0.0003156206093990477,1.0,5.5
1109,1.37548392814546e-13,6.69161387095718e-06,9.94331976781823e-18,6.43484831391872e-15,1.65361160094774e-16,6.69161387095718e-06,2.05533815200677e-16,9.101678946876746e-05,1.3383228148922122e-05,0.0003161611093673855,1.0,5.5
1110,2.50579239945742e-05,7.991777422944324e-06,2.04174453887978e-09,4.25263131435859e-06,1.39706018518828e-07,4.1420706099470905e-06,4.34198662453695e-08,5.729872145820991e-05,1.2133848577899897e-05,0.00029070270829834044,1.0,5.5
1111,2.3252580523999e-05,8.29773129995548e-06,1.67650253402006e-09,4.58740688630031e-06,5.16681032690609e-07,5.206675827928997e-06,6.98246347748665e-08,6.478534845655304e-05,1.3504407629927329e-05,0.00029803400866512675,1.0,5.5
1112,1.1501061846154e-05,9.469273238915665e-06,9.85508792487573e-09,3.86314469365017e-06,4.03727219747151e-07,6.1606010889336815e-06,7.80024422556186e-08,7.684697146714825e-05,1.5629874645872732e-05,0.00030984350814833306,1.0,5.5
1113,3.53759513157473e-06,6.475202510958233e-06,1.1360301153225e-09,4.74431809441972e-07,9.66946641145345e-08,7.049261255942518e-06,2.62659910787208e-08,8.998845345331574e-05,1.3524464246850165e-05,0.0003467628084763419,1.0,5.5
1114,1.77519397975374e-05,5.0777019829362224e-06,1.12356173418351e-08,1.53841154193192e-06,3.63389598375686e-07,7.204564658913615e-06,3.01024757958439e-08,8.494066045727777e-05,1.2282266909857675e-05,0.0003578691084840102,1.0,5.5
1115,2.61032903390783e-05,5.682216863922562e-06,4.71315176379215e-09,2.50424962420912e-06,1.25338989834605e-07,7.60627201795705e-06,2.0881766966314e-08,8.198242744583695e-05,1.3288489410845372e-05,0.00033455260927439667,1.0,5.5
1116,3.04857845799477e-05,8.90982612794522e-06,1.2224146779409e-09,1.96815781644067e-06,1.15787047699232e-07,7.684789495920885e-06,1.60760639626451e-08,7.839847745572115e-05,1.6594616028875464e-05,0.0002882060089177685,1.0,5.5
1117,1.49649748957844e-05,9.486522603963099e-06,1.50956111593226e-08,1.39279845096037e-06,2.19440947814245e-07,6.8696193769590685e-06,3.23151067148781e-08,8.276256545514116e-05,1.6356142563900278e-05,0.0002933846080850344,1.0,5.5
1118,8.44968078924247e-06,6.71741769192602e-06,7.45171094358103e-16,1.35597631428162e-06,1.34517776691906e-14,6.699677587929109e-06,1.43854061827745e-15,9.015945045121043e-05,1.341709534985469e-05,0.0003156205093546305,1.0,5.5
1119,1.4220786007102e-13,6.691613868958779e-06,1.81670779494155e-16,6.56853044178618e-15,8.56253409104932e-15,6.69161386995798e-06,1.04483208109712e-16,9.101678946876746e-05,1.3383228148922122e-05,0.0003161611093673855,1.0,5.5
1120,2.50575864832667e-05,7.991721340916413e-06,4.08378910514607e-09,4.25250246129837e-06,2.79408800662269e-07,4.1418826139394405e-06,8.68392783834486e-08,5.729726646563904e-05,1.2133604509911855e-05,0.00029070240816508885,1.0,5.5
1121,2.30933050220999e-05,8.298049974930777e-06,1.66973230050706e-08,4.58984075408527e-06,6.34836984757389e-08,5.185208555913423e-06,1.6096790924208e-08,6.490526646985018e-05,1.3483259026836336e-05,0.00029866800832678564,1.0,5.5
1122,1.15019214148513e-05,9.469268462958258e-06,1.31132828526568e-08,3.863292195762e-06,2.75794299963591e-07,6.160733326932011e-06,3.9709071315625e-08,7.684799146545629e-05,1.5630002108912855e-05,0.00030984400837041903,1.0,5.5
1123,3.93160343514624e-06,6.513985078948625e-06,3.36062299336424e-08,4.77609869978306e-07,1.28752160744085e-07,7.042070296947589e-06,2.73013806944426e-08,9.031318145957812e-05,1.3556055856844829e-05,0.0003465808094915701,1.0,5.5
1124,1.76516622372447e-05,5.080512281929739e-06,1.3678972565219e-08,1.53157975668093e-06,4.64266545658362e-08,7.185727731950919e-06,1.7528084680514e-08,8.512115945791265e-05,1.2266240286828989e-05,0.00035819800905301236,1.0,5.5
1125,2.58145373496174e-05,5.662546619933373e-06,4.08447370528579e-09,2.50094191825987e-06,4.1667375075252e-07,7.601546962943129e-06,4.62744889957885e-08,8.206436345403745e-05,1.326409410984386e-05,0.0003351755094627151,1.0,5.5
1126,3.07039613571566e-05,8.92002558194882e-06,1.85195738729016e-08,1.99480573670745e-06,1.71699396862218e-07,7.7049305759469e-06,2.85308207260294e-08,7.828995046565979e-05,1.662495656384877e-05,0.00028791070872102864,1.0,5.5
1127,1.49652750064296e-05,9.486573102956974e-06,1.07827107040685e-08,1.39283418220158e-06,1.56743926216673e-07,6.869583722923789e-06,2.30822348293761e-08,8.276270446572198e-05,1.6356157411911987e-05,0.0002933845098596066,1.0,5.5
1128,8.44968078451622e-06,6.717417694923622e-06,6.15808199246927e-16,1.35597631337599e-06,8.10285947496978e-15,6.699677587929109e-06,2.0034548428886e-15,9.01594494564506e-05,1.3417095354850694e-05,0.0003156206093990477,1.0,5.5
1129,1.33534676372005e-13,6.69161387095718e-06,1.12071564525927e-16,6.13251853812113e-15,2.36976169481866e-14,6.691613871956381e-06,9.27350305378848e-16,9.101678946876746e-05,1.3383228148922122e-05,0.0003161611093673855,1.0,5.5
1130,2.50570239344387e-05,7.991627872960816e-06,6.1264303858768e-09,4.25228770707599e-06,4.19105143394124e-07,4.141569299953574e-06,1.30257794333669e-07,5.729484044536548e-05,1.2133197726860168e-05,0.0002907015095843235,1.0,5.5
1131,2.33668289050848e-05,8.277486584939986e-06,8.06205192056191e-11,4.5939205325289e-06,3.10028921528003e-07,5.1698831819435576e-06,1.60859943036439e-08,6.483713445959438e-05,1.3447370271868486e-05,0.00029921910936536733,1.0,5.5
1132,1.12099703270647e-05,9.494561218958975e-06,1.16091918414977e-09,3.86360775589583e-06,3.72453679253456e-08,6.172495074951989e-06,1.12473467350099e-08,7.693177846590515e-05,1.5667056606827323e-05,0.00030930300817999523,1.0,5.5
1133,3.63784294632311e-06,6.513548575948214e-06,1.38989794073823e-08,5.26446728364548e-07,4.17735497504798e-07,7.001690590924259e-06,4.77670378599108e-08,9.036920144467331e-05,1.3515239646877397e-05,0.000346851809808868,1.0,5.5
1134,1.76512538966351e-05,5.080581559957498e-06,1.83209266161919e-08,1.53152315287476e-06,1.68746212247852e-07,7.185713250923431e-06,5.42198323087471e-09,8.51212394650247e-05,1.2266295078888767e-05,0.00035819790900859516,1.0,5.5
1135,2.54437585421332e-05,5.688515156920815e-06,2.72036288511156e-08,2.45138630723652e-06,2.46889518392494e-07,7.629528869956825e-06,3.59250494588315e-08,8.208244545926391e-05,1.3318044549848196e-05,0.0003349431081005605,1.0,5.5
1136,3.07040473054147e-05,8.920103910958765e-06,1.73121619121994e-08,1.99481406481589e-06,5.5337499801637e-08,7.704876654912596e-06,1.23369568738675e-08,7.829010345972165e-05,1.6624980973878323e-05,0.00028791090880986303,1.0,5.5
1137,1.49654751638224e-05,9.48660676292068e-06,6.46968379994373e-09,1.39285800991861e-06,9.40466254374141e-08,6.869559951938609e-06,1.38493573761749e-08,8.276279646679541e-05,1.6356167295894508e-05,0.0002933847081294516,1.0,5.5
1138,8.44968075901231e-06,6.717417693924421e-06,1.0372591830322e-15,1.35597631044772e-06,2.90223777627517e-14,6.6996775869299086e-06,4.96533254779313e-16,9.015945144597026e-05,1.3417095354850694e-05,0.0003156204093102133,1.0,5.5
1139,1.35805429402058e-13,6.69161386995798e-06,2.62405301345225e-16,6.15485310287434e-15,3.16035988611602e-14,6.69161386995798e-06,5.6611192919857e-16,9.101678946876746e-05,1.3383228148922122e-05,0.0003161611093673855,1.0,5.5
1140,2.4658911776308e-05,8.021848218964234e-06,1.00578234183638e-09,4.19623714363472e-06,6.92545125713395e-08,4.123062613936579e-06,2.17268711218676e-08,5.720233946249209e-05,1.2144911382905299e-05,0.00029133850875950884,1.0,5.5
1141,2.32933147697043e-05,8.293919083912638e-06,2.52807141242616e-08,4.59304177105749e-06,6.05858627709987e-08,5.1696850319471466e-06,1.50464947889817e-08,6.516844544535161e-05,1.346360462484153e-05,0.00029961140899104066,1.0,5.5
1142,1.12098233380579e-05,9.494550983923933e-06,4.42978134680588e-09,3.8636510772628e-06,1.64817035904245e-07,6.172468528964359e-06,2.70486227252257e-08,7.693164346278536e-05,1.566701983291008e-05,0.00030930280809116084,1.0,5.5
1143,3.83561659583298e-06,6.5078943289331725e-06,5.09217902294344e-10,5.26855546955724e-07,4.75670030434833e-08,6.984326705927746e-06,1.30319486402849e-08,9.046773044474321e-05,1.3492221514921354e-05,0.00034747990866890177,1.0,5.5
1144,1.79752934370294e-05,5.069324108930573e-06,2.29247048657846e-09,1.58008997423615e-06,6.12441373195032e-08,7.1488434199573625e-06,1.14624411512939e-08,8.513605345683573e-05,1.2218167794841861e-05,0.00035844710873789154,1.0,5.5
1145,2.54434071573742e-05,5.688410402937549e-06,2.24430437813965e-08,2.45134629570708e-06,3.71179924399869e-07,7.629572555956088e-06,5.67687964016833e-08,8.208198747183815e-05,1.3317983483918105e-05,0.0003349428097862983,1.0,5.5
1146,3.11553824971708e-05,8.868187404920125e-06,5.54814353174445e-10,2.04816600247917e-06,5.85949088150595e-08,7.698355494967224e-06,8.13678136822332e-09,7.824558144875482e-05,1.6566543297846792e-05,0.0002881287091440754,1.0,5.5
1147,1.49655752115841e-05,9.486623596954846e-06,2.15658350201219e-09,1.39286992081346e-06,3.13491324732034e-08,6.869548066945619e-06,4.6164827467038e-09,8.276284145836144e-05,1.6356172244935685e-05,0.0002933847081294516,1.0,5.5
1148,8.44968073470623e-06,6.717417690926819e-06,9.73948128906148e-16,1.35597631102809e-06,2.41501019486098e-14,6.699677585930708e-06,1.7778526995851e-15,9.015945045121043e-05,1.3417095356849096e-05,0.0003156205093546305,1.0,5.5
1149,1.24764781839204e-13,6.691613871956381e-06,3.91134404053618e-17,5.88179678573386e-15,4.1992315657699e-14,6.691613871956381e-06,1.3110231962001e-15,9.101678946876746e-05,1.3383228148922122e-05,0.0003161611093673855,1.0,5.5
1150,2.46589116794975e-05,8.021848221961836e-06,1.00578233590667e-09,4.19623714197989e-06,6.92545149683749e-08,4.12306261493578e-06,2.17268712083107e-08,5.720233946249209e-05,1.2144911382905299e-05,0.00029133850875950884,1.0,5.5
1151,2.32933146704833e-05,8.29391908496735e-06,2.52807140989345e-08,4.59304176840764e-06,6.05858641887828e-08,5.169685028949544e-06,1.50464946714e-08,6.516844544535161e-05,1.346360462584073e-05,0.00029961140899104066,1.0,5.5
1152,1.12098232783024e-05,9.494550984923134e-06,4.42978127814571e-09,3.8636510767554e-06,1.64817032830139e-07,6.1724685299635595e-06,2.70486226000122e-08,7.693164246802553e-05,1.5667019830911677e-05,0.00030930280809116084,1.0,5.5
1153,3.83561662674163e-06,6.5078943289331725e-06,5.09217901409406e-10,5.26855546443899e-07,4.75670015193526e-08,6.984326700931742e-06,1.30319490262778e-08,9.046773044474321e-05,1.3492221511923752e-05,0.00034747990866890177,1.0,5.5
1154,1.79752933978994e-05,5.069324109929774e-06,2.29247033445262e-09,1.58008997268004e-06,6.12441385989431e-08,7.1488434199573625e-06,1.14624413642837e-08,8.513605345683573e-05,1.2218167796840262e-05,0.00035844710873789154,1.0,5.5
1155,2.54434070689992e-05,5.6884104059351515e-06,2.2443043679656e-08,2.45134629570746e-06,3.71179925112434e-07,7.629572551959285e-06,5.67687966042088e-08,8.208198747183815e-05,1.3317983481919704e-05,0.0003349428097862983,1.0,5.5
1156,3.11553824266959e-05,8.868187405919326e-06,5.54814500825417e-10,2.04816600175677e-06,5.85948983570351e-08,7.698355494967224e-06,8.13678157290205e-09,7.824558144875482e-05,1.6566543298845993e-05,0.0002881287091440754,1.0,5.5
1157,1.49655751539635e-05,9.486623596954846e-06,2.1565835067111e-09,1.39286992012608e-06,3.13491295665658e-08,6.869548066945619e-06,4.6164827116307e-09,8.276284145836144e-05,1.635617224993169e-05,0.0002933847081294516,1.0,5.5
1158,8.44968080198011e-06,6.71741769192602e-06,8.90770340518723e-16,1.35597631184938e-06,2.43861598666142e-14,6.699677585930708e-06,1.73296164744652e-15,9.015945045121043e-05,1.3417095354850694e-05,0.0003156205093546305,1.0,5.5
1159,1.79685693407761e-13,6.691613867959578e-06,9.10446068850494e-17,6.85248299076013e-15,3.58897753096471e-14,6.69161386995798e-06,1.19329408686123e-15,9.101678946876746e-05,1.3383228148922122e-05,0.0003161611093673855,1.0,5.5
1160,2.50570239279115e-05,7.99162787795682e-06,6.12643039419143e-09,4.25228770540014e-06,4.19105134756841e-07,4.141569298954373e-06,1.30257794241511e-07,5.729484044536548e-05,1.2133197724861766e-05,0.0002907015095843235,1.0,5.5
1161,2.33668289509294e-05,8.277486584939986e-06,8.0620511612465e-11,4.59392052964068e-06,3.10028921479688e-07,5.169883179945156e-06,1.6085994288438e-08,6.483713445959438e-05,1.3447370270869285e-05,0.00029921910936536733,1.0,5.5
1162,1.120997033087e-05,9.494561219958175e-06,1.16091916106426e-09,3.86360775426217e-06,3.72453687888448e-08,6.172495072953588e-06,1.12473464521856e-08,7.693177846590515e-05,1.566705661193435e-05,0.00030930300817999523,1.0,5.5
1163,3.63784302035959e-06,6.513548578945816e-06,1.38989793971128e-08,5.26446728779472e-07,4.17735490622378e-07,7.001690590924259e-06,4.77670372678856e-08,9.036920144467331e-05,1.3515239645878196e-05,0.000346851809808868,1.0,5.5
1164,1.76512538613077e-05,5.080581558958297e-06,1.83209267619506e-08,1.53152315217177e-06,1.68746213815595e-07,7.18571324892503e-06,5.42198357042735e-09,8.51212394650247e-05,1.2266295076890366e-05,0.00035819790900859516,1.0,5.5
1165,2.54437584979185e-05,5.688515159918417e-06,2.72036288695496e-08,2.45138630688838e-06,2.46889520884506e-07,7.629528866959223e-06,3.59250495334813e-08,8.208244545926391e-05,1.3318044547849794e-05,0.0003349431081005605,1.0,5.5
1166,3.07040472892419e-05,8.920103912957167e-06,1.73121617988044e-08,1.99481406311516e-06,5.53375063466402e-08,7.704876652914194e-06,1.23369570166654e-08,7.829010345972165e-05,1.662498097088072e-05,0.00028791090880986303,1.0,5.5
1167,1.49654751271278e-05,9.48660676391988e-06,6.46968388971927e-09,1.39285800965309e-06,9.40466301288111e-08,6.869559952937809e-06,1.38493574293271e-08,8.276279646679541e-05,1.635616729989131e-05,0.0002933847081294516,1.0,5.5
1168,8.44968078768122e-06,6.71741769192602e-06,1.02726673535344e-15,1.35597631084562e-06,3.0759181551647e-14,6.699677584931507e-06,6.98563318193672e-16,9.015945144597026e-05,1.3417095357848297e-05,0.0003156204093102133,1.0,5.5
1169,1.60828815543024e-13,6.69161387095718e-06,3.15296579670625e-16,6.64794825092074e-15,2.96622400036348e-14,6.69161387095718e-06,4.87565716966731e-16,9.101678946876746e-05,1.3383228148922122e-05,0.0003161611093673855,1.0,5.5
1170,2.50575864263593e-05,7.991721342914815e-06,4.08378891170714e-09,4.2525024590964e-06,2.79408808585415e-07,4.141882616937043e-06,8.68392785347642e-08,5.729726547087921e-05,1.2133604506914253e-05,0.00029070240816508885,1.0,5.5
1171,2.30933050384576e-05,8.298049974930777e-06,1.66973230765018e-08,4.5898407526456e-06,6.34837010737719e-08,5.185208555913423e-06,1.60967911609808e-08,6.490526646985018e-05,1.3483259028834738e-05,0.00029866800832678564,1.0,5.5
1172,1.1501921346502e-05,9.469268462958258e-06,1.31132828708547e-08,3.86329219570046e-06,2.75794297685032e-07,6.160733324933609e-06,3.97090712943467e-08,7.684799146545629e-05,1.5630002104916052e-05,0.00030984400837041903,1.0,5.5
1173,3.93160345724553e-06,6.513985078948625e-06,3.36062301239346e-08,4.77609869023124e-07,1.28752159383032e-07,7.042070295948388e-06,2.73013802431781e-08,9.031318145957812e-05,1.3556055855845628e-05,0.0003465808094915701,1.0,5.5
1174,1.76516621961287e-05,5.080512281929739e-06,1.36789724114366e-08,1.53157975438261e-06,4.64266534552066e-08,7.185727730951719e-06,1.7528084999864e-08,8.512115945791265e-05,1.2266240282832186e-05,0.00035819800905301236,1.0,5.5
1175,2.58145372841979e-05,5.662546619933373e-06,4.08447374521069e-09,2.5009419187419e-06,4.16673745471473e-07,7.6015469639423294e-06,4.6274488887038e-08,8.206436345403745e-05,1.3264094113840663e-05,0.0003351755094627151,1.0,5.5
1176,3.07039613236578e-05,8.92002558194882e-06,1.85195739258401e-08,1.99480573554546e-06,1.71699394459362e-07,7.7049305749477e-06,2.85308207118848e-08,7.828995046565979e-05,1.6624956561850368e-05,0.00028791070872102864,1.0,5.5
1177,1.49652749951898e-05,9.486573101957774e-06,1.07827106650383e-08,1.39283418183604e-06,1.5674393109853e-07,6.869583721924588e-06,2.30822346556166e-08,8.276270446572198e-05,1.6356157411911987e-05,0.0002933845098596066,1.0,5.5
1178,8.44968082011448e-06,6.717417694923622e-06,6.95433954970041e-16,1.35597631417385e-06,8.8472794628619e-15,6.69967758892831e-06,1.91681692491164e-15,9.01594494564506e-05,1.3417095353851494e-05,0.0003156206093990477,1.0,5.5
1179,1.77951837293522e-13,6.691613872955582e-06,2.37010406553594e-16,6.80781386125373e-15,2.13127719682696e-14,6.691613872955582e-06,9.76700138951778e-16,9.101678946876746e-05,1.3383228148922122e-05,0.0003161611093673855,1.0,5.5
1180,2.50579239021784e-05,7.991777422944324e-06,2.04174488855266e-09,4.25263131298697e-06,1.39706017105964e-07,4.142070606949488e-06,4.34198662848311e-08,5.729872145820991e-05,1.2133848579898299e-05,0.00029070270829834044,1.0,5.5
1181,2.32525805445698e-05,8.297731298956279e-06,1.67650242740028e-09,4.58740688666802e-06,5.16681038992365e-07,5.206675826929796e-06,6.98246350609629e-08,6.478534845655304e-05,1.3504407633924131e-05,0.00029803400866512675,1.0,5.5
1182,1.15010618753635e-05,9.469273239914866e-06,9.85508796937058e-09,3.8631446940058e-06,4.0372721598867e-07,6.16060108693528e-06,7.80024421799235e-08,7.684697146714825e-05,1.5629874645872732e-05,0.00030984350814833306,1.0,5.5
1183,3.53759515325488e-06,6.475202511957434e-06,1.13603003923342e-09,4.74431809466556e-07,9.66946643230334e-08,7.049261256941719e-06,2.62659910868065e-08,8.998845345331574e-05,1.3524464247849366e-05,0.0003467628084763419,1.0,5.5
1184,1.77519397840042e-05,5.0777019829362224e-06,1.12356173118944e-08,1.53841154062949e-06,3.63389605239546e-07,7.204564655916013e-06,3.01024757782138e-08,8.494066045727777e-05,1.2282266910856876e-05,0.0003578691084840102,1.0,5.5
1185,2.61032903183423e-05,5.682216863922562e-06,4.7131517787732e-09,2.50424962397938e-06,1.25338986287692e-07,7.606272015958648e-06,2.08817668299604e-08,8.198242645107712e-05,1.3288489410845372e-05,0.00033455260927439667,1.0,5.5
1186,3.04857845734156e-05,8.90982612794522e-06,1.22241470328709e-09,1.96815781600579e-06,1.15787043358174e-07,7.684789496920086e-06,1.60760639881036e-08,7.839847745572115e-05,1.6594616026877063e-05,0.0002882060089177685,1.0,5.5
1187,1.49649748727742e-05,9.486522600965497e-06,1.50956113051825e-08,1.39279845013117e-06,2.19440943958693e-07,6.86961937895747e-06,3.23151068615672e-08,8.276256644990099e-05,1.6356142563900278e-05,0.0002933846080850344,1.0,5.5
1188,8.44968080451801e-06,6.717417693924421e-06,7.13585023996753e-16,1.35597631398227e-06,1.23551884868844e-14,6.699677587929109e-06,1.25209087889488e-15,9.015945045121043e-05,1.341709534985469e-05,0.0003156205093546305,1.0,5.5
1189,1.56842420995229e-13,6.691613867959578e-06,2.2175026097586e-16,6.79632131822538e-15,9.78350159133029e-15,6.6916138669603775e-06,6.53858613303485e-17,9.101678946876746e-05,1.3383228148922122e-05,0.0003161611093673855,1.0,5.5
1190,2.50580363776951e-05,7.991796113937522e-06,4.37474517806717e-17,4.25267425628045e-06,2.58224431420873e-15,4.1421332699354e-06,1.14859361713578e-16,5.7299208464201e-05,1.2133929933932919e-05,0.00029070290838717483,1.0,5.5
1191,2.37818376481446e-05,8.32458453292606e-06,1.97273642543282e-18,4.68241654546907e-06,6.91908010920506e-15,5.13444551092368e-06,1.84314369322536e-18,6.457389847014383e-05,1.3459030550833084e-05,0.00029794550937367603,1.0,5.5
1192,1.11262182322552e-05,9.446056301931627e-06,7.14620521774772e-17,3.81614542492382e-06,1.84208659610718e-15,6.189291745950509e-06,2.89983423558404e-16,7.657384546178037e-05,1.563534836190872e-05,0.00030980800875113346,1.0,5.5
1193,3.53749293074556e-06,6.475209974932117e-06,2.36546656014972e-17,4.74462642630487e-07,4.42354486374086e-16,7.049281376958483e-06,4.0276416641942e-17,8.998864547038465e-05,1.3524491831895524e-05,0.0003467626083875075,1.0,5.5
1194,1.75188988273374e-05,5.066856172963874e-06,8.57544626129726e-17,1.53726112695355e-06,3.1719689808779e-16,7.191652011961924e-06,1.13514273393338e-16,8.503026845119166e-05,1.2258508462870132e-05,0.00035849450978275854,1.0,5.5
1195,2.61034353672544e-05,5.682209615942568e-06,4.56135712425913e-17,2.50427235347421e-06,2.94263311634291e-15,7.606289496919771e-06,4.23567295603985e-17,8.198253044611192e-05,1.3288499629893202e-05,0.00033455280936323106,1.0,5.5
1196,3.04858922893364e-05,8.90982794193862e-06,1.63041136852244e-17,1.96817176420787e-06,1.10499174914291e-15,7.684793097928466e-06,1.82042626958e-16,7.839853745394976e-05,1.6594621447874047e-05,0.0002882061089621857,1.0,5.5
1197,1.46018030205758e-05,9.460620720935786e-06,4.37788978788385e-17,1.34361067723155e-06,9.03980666364101e-16,6.86065788696455e-06,1.56734976559936e-17,8.284759644539008e-05,1.632127919293236e-05,0.00029366850867518224,1.0,5.5
1198,8.44968072648495e-06,6.7174176929252205e-06,3.49528145684487e-18,1.35597630678095e-06,3.07425526008265e-15,6.6996775869299086e-06,5.35155416075267e-18,9.01594494564506e-05,1.3417095353851494e-05,0.0003156206093990477,1.0,5.5
1199,1.38854205911088e-13,6.69161387095718e-06,3.12682212478925e-17,6.59807495098641e-15,9.72339613339313e-16,6.69161387095718e-06,1.33094287002068e-16,9.101678946876746e-05,1.3383228148922122e-05,0.0003161611093673855,1.0,5.5
1200,1.4577281857268e-05,3.184995060967477e-06,9.33271489196629e-19,8.69922477172145e-07,2.30402448422179e-15,3.6520640789294845e-06,6.87773812511547e-17,6.904962845055707e-05,6.837059677855528e-06,0.00028708720856229775,1.0,6.0
1201,2.0996808311486e-05,5.50510220792555e-06,3.12329428219477e-17,2.11366823004158e-06,5.18231697789126e-15,3.7240914189662355e-06,6.61719079054005e-17,7.737604144608667e-05,9.229194124826812e-06,0.0002675821087905206,1.0,6.0
1202,2.33111796994013e-05,4.9565583939426006e-06,2.32883767913689e-18,2.57933369502103e-06,2.0458420656351e-15,3.2647737679414313e-06,3.25218300098289e-17,7.451788044932073e-05,8.221332462921005e-06,0.00026861360856855754,1.0,6.0
1203,2.01042056120853e-05,3.938247128965067e-06,2.04822095766746e-17,2.61821376994946e-06,2.64405061430398e-15,2.6798720439424883e-06,1.69355767474025e-17,6.964107146245624e-05,6.618119639867359e-06,0.0002710334083531052,1.0,6.0
1204,5.66587167273027e-06,1.87158171793822e-06,1.01724315921387e-16,1.72381054561055e-06,2.99957405918913e-15,2.1479034239546557e-06,1.39743495638014e-16,6.28783164700053e-05,4.019485415840407e-06,0.00027752650930779055,1.0,6.0
1205,3.08030247460128e-06,2.4957516919221767e-06,5.8199633805843e-17,1.72845828263194e-06,1.05579607556638e-15,2.183914926956465e-06,9.5288665467267e-17,6.644702045832673e-05,4.679667150897515e-06,0.0002781161092570983,1.0,6.0
1206,1.04623745516425e-06,3.8041282789391673e-06,2.83396048327608e-18,2.14788175987283e-06,1.40568166915461e-15,1.9440027649308966e-06,1.56996709740637e-16,7.296904647091651e-05,5.748131492899766e-06,0.00028147570810688194,1.0,6.0
1207,2.95505413393498e-06,3.097066185953068e-06,4.89055647920952e-17,2.17829652164727e-06,1.53615184808609e-15,8.596636519309087e-07,5.26058282221756e-17,6.589884446839278e-05,3.95673042485889e-06,0.00028788680901925545,1.0,6.0
1208,1.86058570384633e-06,6.327342429446325e-07,2.94837345862645e-17,1.61589975427451e-06,4.46945404948204e-15,1.6761247680352476e-06,5.18252873612807e-17,4.6605181466929935e-05,1.04339043516255e-06,0.0003091796097578481,1.0,6.0
1209,1.40545994981034e-13,2.5607367780677848e-06,1.2697023879342e-18,6.62913734322812e-15,6.09450369944836e-16,2.5607367780677848e-06,6.67559371225323e-17,3.287423245978971e-05,5.121473149127809e-06,0.0003453426088526612,1.0,6.0
1210,1.45178080177871e-05,3.17706238195381e-06,7.2956431956573e-09,8.52879717170175e-07,1.85603800785736e-07,3.6867447809618703e-06,1.66640349492935e-08,6.906080545832083e-05,6.863807701873448e-06,0.000286924208921846,1.0,6.0
1211,2.0996716189222e-05,5.505099341940323e-06,1.72082974605991e-09,2.11365541155394e-06,1.12757216054231e-07,3.7240982159181257e-06,1.27090713168143e-08,7.737591346312911e-05,9.22919804691169e-06,0.0002675819087016862,1.0,6.0
1212,2.31356245011147e-05,4.936789041953826e-06,1.6110043422213e-08,2.56958545688273e-06,1.24685660221635e-07,3.252366060912948e-06,1.48566309813064e-08,7.447212044553453e-05,8.189155410898152e-06,0.0002687568085093517,1.0,6.0
1213,2.03300476741336e-05,3.967158276940719e-06,1.28013953793578e-08,2.63242667968629e-06,7.54818820170183e-08,2.688484789958867e-06,9.00560321933784e-09,6.972544846917117e-05,6.6556435318609886e-06,0.00027091540869150776,1.0,6.0
1214,5.66582382017632e-06,1.8715880899522475e-06,1.97535053337505e-09,1.72380588103473e-06,3.66145072783325e-08,2.1479056199202873e-06,2.63085830112075e-09,6.287830046858289e-05,4.019493972884369e-06,0.00027752630921895616,1.0,6.0
1215,3.08027380007498e-06,2.495754756914881e-06,5.45246440837293e-10,1.72845517039242e-06,2.67812727359481e-08,2.1839172469340085e-06,2.65315967603141e-09,6.644700746960552e-05,4.679672542917679e-06,0.0002781161092570983,1.0,6.0
1216,1.0462380432342e-06,3.804122427952805e-06,2.87924260626668e-09,2.14787859644872e-06,1.17069020860925e-08,1.9440098469325484e-06,3.64651135326198e-09,7.296903245901376e-05,5.748132714922249e-06,0.00028147560806246474,1.0,6.0
1217,2.88158914757723e-06,3.1013436979643316e-06,1.26888043541609e-09,2.1788804125394e-06,1.81732805736065e-07,8.734738829452304e-07,3.14965932436688e-09,6.594979944907209e-05,3.974818168828165e-06,0.0002875128084269818,1.0,6.0
1218,1.65776620915815e-06,6.665956249207738e-07,7.97267938137581e-09,1.6208281311332e-06,1.03717221570893e-07,1.6638909600685814e-06,1.53875115902236e-09,4.677700644606375e-05,9.972952471626328e-07,0.0003091274083999451,1.0,6.0
1219,1.4487239533012e-13,2.5607367800661862e-06,1.40037416070712e-16,6.62404159301744e-15,7.89640027627422e-15,2.5607367790669855e-06,3.95117152971608e-16,3.287423245978971e-05,5.121473149127809e-06,0.0003453426088526612,1.0,6.0
1220,1.43560556884123e-05,3.1677480459291196e-06,3.28837618596821e-08,8.409225506285e-07,1.39625491713728e-07,3.693049366926271e-06,4.25688625696315e-08,6.911634645234699e-05,6.860797957863873e-06,0.0002867191087716492,1.0,6.0
1221,2.07588525187946e-05,5.518723773967338e-06,1.9124397497843e-08,2.08810467297057e-06,2.60631212434373e-07,3.773092102921094e-06,2.32771163978521e-08,7.756028344374499e-05,9.291816357892557e-06,0.00026712490944191813,1.0,6.0
1222,2.31354986678299e-05,4.936838676916633e-06,1.49058402557748e-08,2.56955175259745e-06,2.49516062360424e-08,3.25236369491666e-06,4.77517762115848e-09,7.447229046420034e-05,8.189202679864671e-06,0.0002687568085093517,1.0,6.0
1223,2.03299295203922e-05,3.9672025099468655e-06,1.24096517153072e-08,2.63240199976095e-06,2.63559215558484e-09,2.68847699791408e-06,2.02234437189733e-09,6.97255284478615e-05,6.655679977929374e-06,0.00027091540869150776,1.0,6.0
1224,5.6429930697377e-06,1.8740625899460461e-06,8.39454699447937e-09,1.71311483215285e-06,1.8257069940236e-07,2.1865420729572094e-06,9.4404391133687e-09,6.300241145140717e-05,4.06060492685878e-06,0.00027743940881919116,1.0,6.0
1225,2.9503114210524e-06,2.531175086917248e-06,6.951852609045e-09,1.73357188937859e-06,1.8036970686455e-07,2.182610065959434e-06,5.6117756187953e-09,6.663794746941676e-05,4.7137856938883615e-06,0.0002784925090963952,1.0,6.0
1226,1.01623162909433e-06,3.8114112779208398e-06,2.64972089948581e-09,2.14281492464101e-06,2.10784375671219e-07,1.9812340669167483e-06,2.8427983640046e-09,7.312512246926417e-05,5.7926457869283965e-06,0.00028141190887254197,1.0,6.0
1227,2.8812312015021e-06,3.101343554967606e-06,2.73505017707189e-09,2.17888604971448e-06,1.91185652264726e-07,8.734868509607807e-07,1.13014253187671e-10,6.594981044827364e-05,3.974830998898504e-06,0.0002875126083381474,1.0,6.0
1228,1.6575723779215e-06,6.666149219292095e-07,3.71341281510871e-09,1.62082652358934e-06,1.1126159249298e-07,1.6639143940455625e-06,3.31148797770079e-10,4.677700644606375e-05,9.972993860740687e-07,0.0003091275084443623,1.0,6.0
1229,1.35422055513867e-13,2.5607367790669855e-06,1.0513267062202e-16,6.03537402346643e-15,2.15881932013988e-14,2.560736777068584e-06,6.2203897360693e-16,3.287423245978971e-05,5.121473149127809e-06,0.0003453426088526612,1.0,6.0
1230,1.45539678207189e-05,3.1583810279345315e-06,1.50901109018506e-08,8.64209146688626e-07,2.22312892068902e-07,3.659134511946327e-06,3.41449520966971e-08,6.897980446751717e-05,6.817516081891739e-06,0.0002867995081032859,1.0,6.0
1231,2.08159205571978e-05,5.523690706943363e-06,1.62920439294868e-08,2.10432971235005e-06,8.86134616723467e-08,3.7366913239189614e-06,1.16959438971108e-08,7.751451144599741e-05,9.260382522913169e-06,0.0002672652080946136,1.0,6.0
1232,2.3277950795111e-05,4.917927312941828e-06,1.99567043491093e-09,2.57908106885046e-06,1.25889996118703e-07,3.239749214956067e-06,5.72887034984209e-09,7.4312347464911e-05,8.15767683093327e-06,0.00026840770806302316,1.0,6.0
1233,2.03296657642642e-05,3.967252338921146e-06,1.20178561640965e-08,2.63236359872426e-06,8.07525692087999e-08,2.6884816389238786e-06,4.96094675750702e-09,6.972550846739978e-05,6.655734446914252e-06,0.00027091530864709057,1.0,6.0
1234,5.6431937366392e-06,1.8741194679483542e-06,1.0418861350173e-08,1.71312505663958e-06,1.45520756644844e-07,2.1864930269677174e-06,6.74965956000663e-09,6.300251044422112e-05,4.060612754930304e-06,0.00027743960890802555,1.0,6.0
1235,2.95118728638319e-06,2.5264750779241396e-06,6.49512115787788e-10,1.74164807033284e-06,3.92010434037985e-08,2.1442299489304872e-06,3.96564678738275e-09,6.649578844530879e-05,4.670705563869504e-06,0.0002785664091788931,1.0,6.0
1236,9.59386046732371e-07,3.8083426309176716e-06,4.29100369456403e-09,2.14398446970538e-06,1.8062028869507e-08,1.966346034942834e-06,5.52925337572128e-09,7.307684046509166e-05,5.7746891128918065e-06,0.0002817882086674217,1.0,6.0
1237,2.88087497906384e-06,3.1013281349134836e-06,6.7389164656858e-09,2.17888636582219e-06,2.00637827735186e-07,8.735168159357265e-07,3.37571581106871e-09,6.594980445129295e-05,3.974845531828919e-06,0.0002875126083381474,1.0,6.0
1238,1.65735321426552e-06,6.666183079429011e-07,5.4589303574158e-10,1.62082171840537e-06,1.18805570316109e-07,1.6639218460845484e-06,2.20104121347054e-09,4.677700545130392e-05,9.973034491572719e-07,0.0003091274083999451,1.0,6.0
1239,1.38025875451309e-13,2.5607367790669855e-06,3.05773388244645e-16,6.41853107122281e-15,2.90500859045223e-14,2.5607367790669855e-06,5.38356353582941e-16,3.287423245978971e-05,5.121473149127809e-06,0.0003453426088526612,1.0,6.0
1240,1.43604993033991e-05,3.1468733339146127e-06,1.04114244143189e-08,8.62540081579617e-07,3.68261490213428e-08,3.6591631099591737e-06,2.02649509952457e-08,6.904766544835184e-05,6.8060369838862655e-06,0.0002872599088732386,1.0,6.0
1241,2.08159814110296e-05,5.523640347948611e-06,1.79336433310535e-08,2.10435985520544e-06,2.01267487898036e-07,3.7366880049627405e-06,2.4314827253038e-08,7.75141554640868e-05,9.260328849847177e-06,0.00026726500982476864,1.0,6.0
1242,2.3277655538149e-05,4.91789180895319e-06,3.21956937103412e-09,2.57904754503443e-06,2.2568396739923e-07,3.239795271947621e-06,1.57702821859588e-08,7.431216445752398e-05,8.157687384935386e-06,0.000268407409748761,1.0,6.0
1243,2.05956291364263e-05,3.942217552954652e-06,2.56074507010552e-10,2.65974429796106e-06,3.87171495268041e-08,2.6079143069512867e-06,3.45101614846987e-09,6.938217046581485e-05,6.550132325866542e-06,0.00027143090846948326,1.0,6.0
1244,5.59610932057827e-06,1.8758438139476752e-06,1.66404099018782e-08,1.70956062415945e-06,8.15193388324382e-08,2.2022788429554296e-06,9.61939318704883e-09,6.30425094527709e-05,4.078122914918936e-06,0.0002770572082226863,1.0,6.0
1245,2.95124230054221e-06,2.526469395913722e-06,2.16507950808108e-10,1.74165421585384e-06,1.3067152867605e-08,2.144225022926438e-06,1.32188759751798e-09,6.649581445117292e-05,4.67069495790895e-06,0.0002785664091788931,1.0,6.0
1246,9.5938409064994e-07,3.8083543269507025e-06,1.43035229740268e-09,2.14399093593956e-06,6.02072791740184e-09,1.9663318679419284e-06,1.8430975580021e-09,7.307686746571562e-05,5.774686631876413e-06,0.0002817880085785873,1.0,6.0
1247,2.80089308774554e-06,3.0892107269475666e-06,2.01738919662474e-09,2.18022355701921e-06,4.56578582157686e-09,8.401290059190103e-07,1.61961359109009e-09,6.578383946020949e-05,3.9293403178986e-06,0.00028756900974258315,1.0,6.0
1248,1.78979543635164e-06,6.759143909573773e-07,2.12940772576832e-09,1.62482968189674e-06,3.88932358266422e-09,1.6550476140686499e-06,9.38921858425869e-10,4.682956344481681e-05,9.791331261332914e-07,0.000308754708385095,1.0,6.0
1249,1.25763982561367e-13,2.5607367760693833e-06,7.8884178377793e-18,5.77077448327135e-15,3.88836911887486e-14,2.560736777068584e-06,1.86613470851268e-15,3.287423245978971e-05,5.121473149127809e-06,0.0003453426088526612,1.0,6.0
1250,1.43604991947093e-05,3.146873335913014e-06,1.04114244795128e-08,8.62540079716619e-07,3.68261514183783e-08,3.659163111957575e-06,2.02649509290331e-08,6.9047664453592e-05,6.8060369838862655e-06,0.0002872599088732386,1.0,6.0
1251,2.0815981293712e-05,5.523640348947811e-06,1.79336433234206e-08,2.10435985291641e-06,2.01267490981154e-07,3.7366880019651383e-06,2.43148272665363e-08,7.75141554640868e-05,9.260328850846378e-06,0.00026726500982476864,1.0,6.0
1252,2.3277655475729e-05,4.91789180895319e-06,3.21956929196561e-09,2.57904754501276e-06,2.25683965213302e-07,3.2397952729468216e-06,1.57702821162564e-08,7.431216445752398e-05,8.157687382825962e-06,0.000268407409748761,1.0,6.0
1253,2.0595629107294e-05,3.942217552954652e-06,2.56074445445445e-10,2.65974429780992e-06,3.8717147891651e-08,2.607914301955283e-06,3.45101645119606e-09,6.938217046581485e-05,6.550132321869739e-06,0.00027143090846948326,1.0,6.0
1254,5.59610927700744e-06,1.8758438159460766e-06,1.66404100331866e-08,1.7095606228809e-06,8.15193393293551e-08,2.2022788429554296e-06,9.6193934555498e-09,6.30425094527709e-05,4.078122916917337e-06,0.0002770572082226863,1.0,6.0
1255,2.95124220372599e-06,2.526469398966835e-06,2.16507901109297e-10,1.74165421491053e-06,1.30671521550403e-08,2.1442250189296352e-06,1.32188727009231e-09,6.649581445117292e-05,4.670694955910548e-06,0.0002785664091788931,1.0,6.0
1256,9.59384180664741e-07,3.8083543269507025e-06,1.43035244331893e-09,2.14399093553634e-06,6.02071801448893e-09,1.9663318679419284e-06,1.84309772104747e-09,7.307686746571562e-05,5.774686632875614e-06,0.0002817880085785873,1.0,6.0
1257,2.80089303301154e-06,3.0892107269475666e-06,2.01738922387506e-09,2.18022355655387e-06,4.56578291493925e-09,8.401290059190103e-07,1.61961362540594e-09,6.578383946020949e-05,3.929340323893804e-06,0.00028756900974258315,1.0,6.0
1258,1.78979551406161e-06,6.75914391956578e-07,2.12940777945581e-09,1.62482968083953e-06,3.88932512296314e-09,1.6550476140686499e-06,9.38921896801543e-10,4.682956344481681e-05,9.791331291308936e-07,0.000308754708385095,1.0,6.0
1259,1.82128184061936e-13,2.5607367800661862e-06,7.19626486493045e-17,6.65819396145073e-15,3.32252400505467e-14,2.5607367790669855e-06,1.69289444794255e-15,3.287423245978971e-05,5.121473149127809e-06,0.0003453426088526612,1.0,6.0
1260,1.45539678151909e-05,3.1583810319313343e-06,1.50901108362901e-08,8.64209144846241e-07,2.22312899262895e-07,3.6591345129455277e-06,3.41449521055926e-08,6.897980446751717e-05,6.817516078894137e-06,0.0002867995081032859,1.0,6.0
1261,2.08159205866112e-05,5.523690706943363e-06,1.62920439305672e-08,2.10432970987816e-06,8.86134645106118e-08,3.7366913209213592e-06,1.16959440761939e-08,7.751451144599741e-05,9.260382522913169e-06,0.0002672652080946136,1.0,6.0
1262,2.32779507793747e-05,4.917927311942627e-06,1.99567035978371e-09,2.57908106800783e-06,1.25889997204247e-07,3.2397492129576655e-06,5.72887041062179e-09,7.4312347464911e-05,8.157676834930072e-06,0.00026840770806302316,1.0,6.0
1263,2.03296656715759e-05,3.967252341918748e-06,1.20178561746436e-08,2.6323635992224e-06,8.07525750920197e-08,2.688481637924678e-06,4.96094733565444e-09,6.972550846739978e-05,6.655734445915051e-06,0.00027091530864709057,1.0,6.0
1264,5.64319370886129e-06,1.874119464950752e-06,1.04188614196039e-08,1.71312505624189e-06,1.45520755077101e-07,2.1864930259130055e-06,6.74965953964311e-09,6.300251146740266e-05,4.0606127529319025e-06,0.00027743960890802555,1.0,6.0
1265,2.95118722351681e-06,2.526475079922541e-06,6.49512075241168e-10,1.74164806987368e-06,3.92010419109876e-08,2.144229945932885e-06,3.96564671273289e-09,6.649578844530879e-05,4.670705560871902e-06,0.0002785664091788931,1.0,6.0
1266,9.59386057132038e-07,3.808342632916073e-06,4.29100362974124e-09,2.14398446792138e-06,1.80620349704211e-08,1.9663460339436334e-06,5.52925343525245e-09,7.307684046509166e-05,5.774689108895004e-06,0.0002817882086674217,1.0,6.0
1267,2.88087493881652e-06,3.101328136967396e-06,6.73891638284916e-09,2.17888636591749e-06,2.00637822488677e-07,8.735168169349272e-07,3.37571568852761e-09,6.594980445129295e-05,3.9748455379351455e-06,0.0002875126083381474,1.0,6.0
1268,1.65735323849354e-06,6.666183059444997e-07,5.45893056142369e-10,1.62082171822951e-06,1.18805571275757e-07,1.6639218480829499e-06,2.20104101144047e-09,4.677700545130392e-05,9.973034471588704e-07,0.0003091274083999451,1.0,6.0
1269,1.63493350802124e-13,2.5607367780677848e-06,3.36113261382347e-16,6.75897055338326e-15,2.65536155346843e-14,2.5607367780677848e-06,4.87565716966731e-16,3.287423245978971e-05,5.121473149127809e-06,0.0003453426088526612,1.0,6.0
1270,1.43560556137414e-05,3.167748047927521e-06,3.28837620669988e-08,8.40922547982437e-07,1.39625485178361e-07,3.6930493689246724e-06,4.25688623628047e-08,6.911634545758716e-05,6.8607979538670705e-06,0.0002867191087716492,1.0,6.0
1271,2.07588525354854e-05,5.518723772912626e-06,1.91243975658047e-08,2.08810467162804e-06,2.60631210502474e-07,3.7730921009226925e-06,2.32771160847514e-08,7.756028344374499e-05,9.291816359890959e-06,0.00026712490944191813,1.0,6.0
1272,2.31354986080293e-05,4.936838675917432e-06,1.49058402931423e-08,2.5695517524804e-06,2.49516035133939e-08,3.2523636929182587e-06,4.77517761375795e-09,7.447229046420034e-05,8.189202675867868e-06,0.0002687568085093517,1.0,6.0
1273,2.03299295005134e-05,3.9672025099468655e-06,1.2409651850088e-08,2.63240199924945e-06,2.6355919623258e-09,2.68847699791408e-06,2.02234394838848e-09,6.97255284478615e-05,6.655679976930173e-06,0.00027091540869150776,1.0,6.0
1274,5.64299302329265e-06,1.8740625909452469e-06,8.39454686845262e-09,1.71311482957697e-06,1.82570701845258e-07,2.1865420719580086e-06,9.44043934945203e-09,6.300241145140717e-05,4.060604922861977e-06,0.00027743940881919116,1.0,6.0
1275,2.95031135119205e-06,2.531175086917248e-06,6.95185259692819e-09,1.73357188927776e-06,1.80369697919767e-07,2.182610065959434e-06,5.61177557943368e-09,6.663794746941676e-05,4.713785695886763e-06,0.0002784925090963952,1.0,6.0
1276,1.01623165698651e-06,3.811411276921639e-06,2.64972094201597e-09,2.1428149231182e-06,2.10784372602229e-07,1.9812340659175476e-06,2.84279836373779e-09,7.312512246926417e-05,5.792645784929995e-06,0.00028141190887254197,1.0,6.0
1277,2.88123118837502e-06,3.101343553912894e-06,2.73505021089794e-09,2.17888604915465e-06,1.91185649048203e-07,8.734868489623793e-07,1.13014232658133e-10,6.594981044827364e-05,3.974830996900103e-06,0.0002875126083381474,1.0,6.0
1278,1.65757240807966e-06,6.666149229284102e-07,3.71341267650236e-09,1.62082652299965e-06,1.11261592793311e-07,1.6639143950447632e-06,3.31148912163573e-10,4.677700644606375e-05,9.972993870732694e-07,0.0003091275084443623,1.0,6.0
1279,1.7961717183046e-13,2.5607367760693833e-06,2.45684023933478e-16,6.79393607344592e-15,1.77600582894691e-14,2.560736777068584e-06,5.46488716909529e-16,3.287423245978971e-05,5.121473149127809e-06,0.0003453426088526612,1.0,6.0
1280,1.45178079626948e-05,3.17706238195381e-06,7.29564292925114e-09,8.52879716201006e-07,1.85603801976556e-07,3.686744778963469e-06,1.66640349930987e-08,6.906080545832083e-05,6.8638077028726485e-06,0.0002869243089662632,1.0,6.0
1281,2.09967162065732e-05,5.505099340941122e-06,1.72082960301093e-09,2.11365541264329e-06,1.12757213416211e-07,3.724098214918925e-06,1.27090709752068e-08,7.737591346312911e-05,9.229198050908494e-06,0.0002675819087016862,1.0,6.0
1282,2.31356245209984e-05,4.936789041953826e-06,1.6110043422821e-08,2.56958545729387e-06,1.24685659460755e-07,3.2523660619676598e-06,1.48566309472446e-08,7.447212044553453e-05,8.189155410898152e-06,0.0002687568085093517,1.0,6.0
1283,2.0330047650233e-05,3.96715827893912e-06,1.28013953622493e-08,2.6324266800163e-06,7.54818824746532e-08,2.688484790958068e-06,9.0056030585964e-09,6.972544846917117e-05,6.65564353385939e-06,0.00027091540869150776,1.0,6.0
1284,5.66582378799135e-06,1.871588091950649e-06,1.9753506257658e-09,1.72380587884412e-06,3.66145151413935e-08,2.147905616922685e-06,2.6308584083907e-09,6.287830146334272e-05,4.01949397388357e-06,0.00027752630921895616,1.0,6.0
1285,3.08027377445399e-06,2.495754756914881e-06,5.45246403776637e-10,1.72845516994063e-06,2.6781266302455e-08,2.183917244935607e-06,2.65315956743331e-09,6.644700746960552e-05,4.679672541918478e-06,0.0002781161092570983,1.0,6.0
1286,1.04623804954383e-06,3.804122427952805e-06,2.87924264202121e-09,2.14787859570853e-06,1.17068986332135e-08,1.94400984893095e-06,3.6465113787204e-09,7.296903245901376e-05,5.748132713923049e-06,0.00028147560806246474,1.0,6.0
1287,2.88158912567721e-06,3.1013436949667295e-06,1.26888052056069e-09,2.17888041212654e-06,1.81732811590019e-07,8.734738859428326e-07,3.14965944330047e-09,6.594980044383192e-05,3.9748181698273655e-06,0.0002875128084269818,1.0,6.0
1288,1.65776622554391e-06,6.665956259199746e-07,7.97267942871965e-09,1.62082813143254e-06,1.03717220891126e-07,1.6638909600685814e-06,1.53875122057201e-09,4.677700644606375e-05,9.972952471626328e-07,0.0003091274083999451,1.0,6.0
1289,1.58396733229704e-13,2.560736781065387e-06,1.43687704556904e-16,6.86571025726446e-15,8.67327856670513e-15,2.5607367820645877e-06,4.06458924135343e-16,3.287423245978971e-05,5.121473149127809e-06,0.0003453426088526612,1.0,6.0
1290,1.4577281856548e-05,3.184995060967477e-06,1.25224292130892e-17,8.69922476839973e-07,5.83842869883444e-16,3.6520640789294845e-06,8.71037860979487e-17,6.904962845055707e-05,6.837059677855528e-06,0.00028708720856229775,1.0,6.0
1291,2.09968083121059e-05,5.50510220792555e-06,2.23133922382425e-17,2.11366822992619e-06,4.58761175749223e-15,3.7240914189662355e-06,8.83624770575686e-17,7.737604144608667e-05,9.229194124826812e-06,0.0002675821087905206,1.0,6.0
1292,2.33111796996315e-05,4.9565583939426006e-06,2.0731131384049e-18,2.57933369508601e-06,3.3963988305824e-15,3.2647737679414313e-06,9.56943942490018e-17,7.451788044932073e-05,8.221332462921005e-06,0.00026861360856855754,1.0,6.0
1293,2.01042056112201e-05,3.938247128965067e-06,5.83491351210334e-17,2.61821376980095e-06,2.32973362823685e-15,2.6798720439424883e-06,4.29903102049448e-17,6.964107146245624e-05,6.618119639867359e-06,0.0002710334083531052,1.0,6.0
1294,5.66587166977734e-06,1.8715817189374206e-06,1.13510038228602e-16,1.72381054550511e-06,2.09355373748804e-15,2.1479034239546557e-06,1.96781000240225e-16,6.28783164700053e-05,4.019485415840407e-06,0.00027752650930779055,1.0,6.0
1295,3.08030246710814e-06,2.4957516919221767e-06,5.60219120984522e-17,1.72845828257004e-06,6.11164764630079e-16,2.183914926956465e-06,1.11745668599471e-16,6.644702045832673e-05,4.679667150897515e-06,0.0002781161092570983,1.0,6.0
1296,1.04623745527527e-06,3.8041282789391673e-06,1.45693902092476e-17,2.14788175970375e-06,1.10499174914291e-15,1.9440027649308966e-06,9.8775900111113e-17,7.296904647091651e-05,5.748131492899766e-06,0.00028147570810688194,1.0,6.0
1297,2.95505413836546e-06,3.097066185953068e-06,4.81157065687805e-17,2.1782965217706e-06,1.5701144811392e-15,8.596636519309087e-07,1.12818012310695e-16,6.589884446839278e-05,3.95673042485889e-06,0.00028788680901925545,1.0,6.0
1298,1.86058570388276e-06,6.327342429446325e-07,4.2526559666323e-17,1.61589975440537e-06,2.85221065515762e-15,1.6761247680352476e-06,7.79151726861341e-17,4.6605181466929935e-05,1.04339043516255e-06,0.0003091796097578481,1.0,6.0
1299,1.41407718867725e-13,2.5607367780677848e-06,2.25946038680085e-17,6.72297504125674e-15,1.08336191580183e-15,2.5607367780677848e-06,1.33094287002068e-16,3.287423245978971e-05,5.121473149127809e-06,0.0003453426088526612,1.0,6.0
1300,1.23133168338156e-05,1.6463057799231962e-06,9.33271489196629e-19,2.28301360811394e-06,2.30402448422179e-15,6.696407059414433e-07,1.32662300198969e-17,5.036426446736186e-05,2.315947019826403e-06,0.00022931030980544165,1.0,6.5
1301,8.98125141580998e-06,4.356236929514701e-07,6.59274123414839e-17,2.18310106926969e-06,4.29413855819114e-15,7.323060091657396e-08,1.49438634752287e-16,4.126765844603142e-05,5.08854790859381e-07,0.00022876300863572396,1.0,6.5
1302,1.00289149300249e-05,1.1989364895326204e-07,3.00844132947658e-17,2.05749209897485e-06,2.71197588041019e-15,3.152054240396218e-07,1.06256048068316e-16,3.7446316468958685e-05,1.9531147310569708e-07,0.00022831770911579952,1.0,6.5
1303,1.13422169645643e-05,1.7417440806299922e-07,1.42122599428615e-17,1.92714210516714e-06,2.19996140445392e-15,6.966642960848368e-07,3.85755744838553e-17,3.364748644685278e-05,8.708382300826045e-07,0.00022799750877311453,1.0,6.5
1304,1.48004209741342e-05,5.46658970035363e-07,6.70298464018507e-17,1.85676364697219e-06,2.11139563948901e-15,1.1009204300416187e-06,1.39743495638014e-16,2.9463166470122815e-05,1.6475791371206583e-06,0.00023218260866997298,1.0,6.5
1305,1.59268453034495e-05,1.5022548070509067e-06,9.98329972292863e-17,2.04823466067576e-06,1.49988528541645e-15,1.5822399330733816e-06,4.34892126108775e-17,2.1334443459863905e-05,3.084494205163324e-06,0.00021440580894704908,1.0,6.5
1306,1.36659741660286e-05,1.9153410440453378e-06,2.83396048327608e-18,1.23325208690165e-06,1.40568166915461e-15,1.6986719430511776e-06,1.01485558509379e-16,1.923710544815549e-05,3.6140125401207257e-06,0.00021249540986900683,1.0,6.5
1307,1.09593946891915e-05,2.093416346049537e-06,7.66611404077241e-17,3.1007376809347e-07,1.09206263823602e-15,1.6996019050474764e-06,8.03614038378045e-17,1.862992746737291e-05,3.793017687159228e-06,0.00021099690820847172,1.0,6.5
1308,7.9284442476772e-06,1.9258773380492755e-06,2.94837345862645e-17,6.34239470422016e-07,2.69309721008179e-15,1.4013022910375206e-06,3.68586386997709e-18,2.149361245074033e-05,3.3271795580880337e-06,0.0002104464092553826,1.0,6.5
1309,1.39657816561334e-13,3.8211015196409903e-07,1.2697023879342e-18,6.68464849445938e-15,6.09450369944836e-16,3.8211015296329975e-07,6.67559371225323e-17,4.979019544748553e-05,7.642207028313308e-07,0.00021702610865759198,1.0,6.5
1310,1.24013898668324e-05,1.6446889279375654e-06,6.19704584678076e-09,2.29535077865594e-06,7.90298266955402e-08,6.456853189340528e-07,4.02272019292501e-09,5.0232398450589244e-05,2.2903747818325826e-06,0.00022932470892556012,1.0,6.5
1311,8.8485811015691e-06,4.531346819436344e-07,1.06458572686482e-08,2.1908859641737e-06,1.30456200554445e-07,7.504068594288427e-08,1.54275845924157e-08,4.146062846643872e-05,5.281758548303372e-07,0.00022911460837349296,1.0,6.5
1312,1.00288926634837e-05,1.1989961495872947e-07,1.11784958860577e-09,2.05749348805322e-06,1.29531070508287e-08,3.151957600477928e-07,2.94441096535366e-09,3.7446342446401104e-05,1.952958391671089e-07,0.0002283179092046339,1.0,6.5
1313,1.13422012328118e-05,1.7416930503388883e-07,7.09713647084178e-10,1.92714520571354e-06,1.08000289322636e-08,6.966563660393277e-07,3.47698168653575e-09,3.364751646017794e-05,8.708251991729199e-07,0.00022799760881753173,1.0,6.5
1314,1.47095048615526e-05,5.385435320470755e-07,7.18088697067903e-10,1.86574134080898e-06,2.43807386135614e-08,1.0971829660366694e-06,5.44939844036208e-09,2.9557099452404145e-05,1.6357262431210273e-06,0.00023197170958155766,1.0,6.5
1315,1.58809513138218e-05,1.4952991850836206e-06,3.59771833596147e-09,2.04381168523857e-06,5.20502259262204e-08,1.5623890060600942e-06,9.78003426651097e-09,2.151367445435426e-05,3.057687646079721e-06,0.0002144427089660894,1.0,6.5
1316,1.36659577721575e-05,1.9153389200776694e-06,8.6425037461216e-10,1.23325451858525e-06,1.35626771752471e-08,1.698670342054065e-06,2.98562798445247e-09,1.923711545259721e-05,3.6140088230940393e-06,0.00021249530982458964,1.0,6.5
1317,1.09308158018936e-05,2.0855185880463978e-06,2.71915306524092e-09,3.09381322698935e-07,4.43240630434573e-08,1.680846586082918e-06,1.08942349453661e-08,1.881652644897258e-05,3.7663646120789096e-06,0.00021104320876474958,1.0,6.5
1318,7.9284317216306e-06,1.9258754450635074e-06,8.66536880552385e-10,6.34236427398554e-07,1.17961945947755e-08,1.401302957060313e-06,3.10571283055095e-09,2.149361844772102e-05,3.3271783280719447e-06,0.0002104463092109654,1.0,6.5
1319,1.4309603849072e-13,3.821101499656976e-07,1.9554856730197e-16,6.62404159301744e-15,2.56732975807347e-15,3.821101509648983e-07,2.28583699277835e-16,4.979019544748553e-05,7.642207028313308e-07,0.00021702610865759198,1.0,6.5
1320,1.21734210775867e-05,1.638710956930467e-06,2.96150821192842e-09,2.30457308423481e-06,2.82880742930784e-07,6.29233506965754e-07,8.6503118876417e-09,5.020534445066005e-05,2.267945004907901e-06,0.0002294515088578919,1.0,6.5
1321,8.75572531639665e-06,4.5229076595099116e-07,7.70889622441671e-09,2.18896267042431e-06,1.06082517170467e-07,7.76764259580176e-08,1.37120696709628e-08,4.149345045334485e-05,5.299676708592216e-07,0.00022914690816833172,1.0,6.5
1322,1.01421056574112e-05,1.1861050991379685e-07,1.36271080419085e-08,2.04541398507609e-06,5.52781446276764e-08,2.9979004606550674e-07,1.76607545044399e-08,3.7489637463750114e-05,1.8117922906402129e-07,0.0002285194095748011,1.0,6.5
1323,1.13879034940882e-05,1.640221890530924e-07,1.02189798630537e-08,1.91935542541994e-06,9.16386766803184e-08,6.802491120394549e-07,8.87855874591539e-09,3.379088144583875e-05,8.442708261391374e-07,0.00022799310863774735,1.0,6.5
1324,1.45462072396463e-05,5.585791960638353e-07,5.38784782706112e-09,1.87664659928065e-06,3.07208183786842e-08,1.113162857058203e-06,1.05602374230032e-08,2.938405646091269e-05,1.671741797104609e-06,0.0002322496093256632,1.0,6.5
1325,1.58810686304808e-05,1.4953141100337852e-06,2.56976686616276e-09,2.0438007930835e-06,3.71787812482893e-08,1.5624035350492171e-06,6.98577292361632e-09,2.1513589445021353e-05,3.057717098076118e-06,0.0002144429090549238,1.0,6.5
1326,1.36291551855214e-05,1.907863056038739e-06,2.22624046435136e-09,1.23056643655799e-06,3.40840715048305e-08,1.6793960360694804e-06,7.47311623076717e-09,1.9420753460508422e-05,3.587258651127634e-06,0.0002125377086485969,1.0,6.5
1327,1.09309011332333e-05,2.0855297200861322e-06,1.94224922024379e-09,3.09364133189028e-07,3.16601535437213e-08,1.6808505060583734e-06,7.7816347695644e-09,1.8816479467886893e-05,3.7663796611520084e-06,0.00021104310872033238,1.0,6.5
1328,7.92839413775795e-06,1.9258697630530897e-06,1.73306361798052e-09,6.34227298197578e-07,2.35922857933979e-08,1.4013049540739786e-06,6.21142135454244e-09,2.149362745740291e-05,3.3271746471275065e-06,0.00021044620916654821,1.0,6.5
1329,1.35422055513867e-13,3.821101509648983e-07,1.32888246237649e-16,5.97986287223518e-15,3.04699773984e-14,3.8211015196409903e-07,6.2203897360693e-16,4.979019544748553e-05,7.642207028313308e-07,0.00021702610865759198,1.0,6.5
1330,1.22207815054569e-05,1.6384407409142376e-06,5.54373451515567e-09,2.3007749054831e-06,1.26027654952213e-07,6.375867699359716e-07,8.42219573764874e-09,5.0208389467343295e-05,2.2760280469213967e-06,0.00022915570843906607,1.0,6.5
1331,8.84310364241305e-06,4.4478175792450614e-07,2.2794969109375e-09,2.1871225481039e-06,2.60608195096012e-08,7.37567009134743e-08,3.13046440476019e-09,4.1412286464037606e-05,5.185389468920221e-07,0.00022937160974834114,1.0,6.5
1332,1.02040462627967e-05,1.2024153595024956e-07,1.10745258584079e-08,2.0417998619367e-06,6.44124914761209e-08,2.927970120802925e-07,2.14664037106343e-08,3.7501593453725945e-05,1.725551761477817e-07,0.00022822970822744537,1.0,6.5
1333,1.13879121338438e-05,1.6397604807316668e-07,1.09190373434414e-08,1.91937064035596e-06,8.05075418335385e-08,6.802574750719437e-07,1.23373066555047e-08,3.379103947054318e-05,8.4423304913539e-07,0.00022799320868216455,1.0,6.5
1334,1.45244761368141e-05,5.410439110620224e-07,4.6104728091998e-09,1.89657184659266e-06,5.31264003011088e-08,1.1049436090537768e-06,6.15021975665621e-09,2.9598897469895746e-05,1.645987271148286e-06,0.0002323323096788954,1.0,6.5
1335,1.5881146818776e-05,1.4953240630721787e-06,1.54184798070933e-09,2.04379353056761e-06,2.23073582863179e-08,1.5624132140845681e-06,4.19148093590228e-09,2.1513532459493945e-05,3.0577367311490633e-06,0.0002144427089660894,1.0,6.5
1336,1.36292213909054e-05,1.9078717860554484e-06,1.33573751034755e-09,1.23055668740452e-06,2.04505369275114e-08,1.6794022850707968e-06,4.48388924489165e-09,1.9420710458462054e-05,3.587273629146459e-06,0.00021253780869301409,1.0,6.5
1337,1.09309580307777e-05,2.0855371490324792e-06,1.16534959376657e-09,3.09352671939869e-07,1.8996197009933e-08,1.6808531220768863e-06,4.66899870850973e-09,1.8816449454561734e-05,3.7663897131112734e-06,0.00021104320876474958,1.0,6.5
1338,7.95354235956502e-06,1.9345507820678343e-06,1.27003995872286e-09,6.36810490704646e-07,1.77013777425227e-08,1.4192193700801603e-06,4.66644298509356e-09,2.1305262464466068e-05,3.3537700760977174e-06,0.00021039770945208147,1.0,6.5
1339,1.37137697031608e-13,3.821101509648983e-07,2.78017812629016e-16,6.47404222245407e-15,2.7273729065122e-14,3.8211015196409903e-07,4.27334051120425e-16,4.979019544748553e-05,7.642207028313308e-07,0.00021702610865759198,1.0,6.5
1340,1.2221109294695e-05,1.6383984309253918e-06,5.01629998923056e-09,2.30075860629821e-06,8.97069549776774e-08,6.375650309364822e-07,8.46949133029412e-09,5.020819645551455e-05,2.2759639969338608e-06,0.00022915590852790046,1.0,6.5
1341,8.84316781092668e-06,4.4476910293633765e-07,7.59829938829643e-10,2.18712468030994e-06,8.68694016733737e-09,7.37342889522985e-08,1.04351454285553e-09,4.141224346199124e-05,5.185038818300569e-07,0.00022937180983717553,1.0,6.5
1342,1.00689706047744e-05,1.4322949792866524e-07,5.82368829756317e-10,2.04108307656222e-06,6.97416380586935e-09,2.620752330706466e-07,1.45617323226411e-09,3.78650184700291e-05,1.188454341605194e-07,0.00022830910893389955,1.0,6.5
1343,1.14854833879786e-05,1.6376712907995028e-07,3.61770496711862e-09,1.90211457983216e-06,1.80195423430979e-08,6.565775790834394e-07,1.36202280654581e-08,3.3882197470802566e-05,8.203442370957603e-07,0.00022794230972067453,1.0,6.5
1344,1.44690628387247e-05,5.347318790538402e-07,2.25366713704794e-10,1.89051217479181e-06,6.98156288575329e-09,1.0843877500388288e-06,1.75447929568509e-09,2.9772375455650035e-05,1.6191193801251558e-06,0.0002323621083633043,1.0,6.5
1345,1.5881185952971e-05,1.495329039036264e-06,5.13950334031709e-10,2.04378990049161e-06,7.43587209258475e-09,1.5624180580431357e-06,1.39716938205411e-09,2.1513504464110156e-05,3.0577465490733147e-06,0.0002144428090105066,1.0,6.5
1346,1.36292545491398e-05,1.9078761530622046e-06,4.45246663462743e-10,1.2305518134599e-06,6.8169345735636e-09,1.6794054120694568e-06,1.49463739153572e-09,1.9420687465299125e-05,3.5872811251502768e-06,0.0002125376086041797,1.0,6.5
1347,1.09309865040153e-05,2.0855408590647606e-06,3.88451316295402e-10,3.09346944055394e-07,6.33215465055837e-09,1.6808544280322302e-06,1.55634262914594e-09,1.8816432458379495e-05,3.7663947261012964e-06,0.00021104320876474958,1.0,6.5
1348,7.95356739219984e-06,1.9345544890470023e-06,4.23350938407714e-10,6.36816581899144e-07,5.9005413360658e-09,1.419218123077659e-06,1.55548992980831e-09,2.130525345478418e-05,3.3537725281362896e-06,0.00021039780949649867,1.0,6.5
1349,1.25319893351516e-13,3.8211015196409903e-07,7.8884178377793e-18,5.79853005888697e-15,3.71073343493483e-14,3.8211015196409903e-07,1.9771570109752e-15,4.979019544748553e-05,7.642207028313308e-07,0.00021702610865759198,1.0,6.5
1350,1.22211091833406e-05,1.638398433922994e-06,5.01629989628103e-09,2.30075860499032e-06,8.97069549322222e-08,6.375650329348836e-07,8.46949159079572e-09,5.020819645551455e-05,2.2759639979330615e-06,0.00022915590852790046,1.0,6.5
1351,8.84316770604352e-06,4.4476910293633765e-07,7.59829924257853e-10,2.18712467865929e-06,8.68693619604033e-09,7.373428595469633e-08,1.04351441757597e-09,4.141224346199124e-05,5.185038848276591e-07,0.00022937180983717553,1.0,6.5
1352,1.0068970570332e-05,1.4322949792866524e-07,5.82368715993334e-10,2.04108307573564e-06,6.97416488157408e-09,2.620752320714459e-07,1.45617327358407e-09,3.78650184700291e-05,1.1884543715812157e-07,0.00022830910893389955,1.0,6.5
1353,1.14854833597345e-05,1.6376712907995028e-07,3.61770497494245e-09,1.90211458034719e-06,1.80195375993204e-08,6.56577584079443e-07,1.36202281461397e-08,3.3882197470802566e-05,8.203442410925632e-07,0.00022794230972067453,1.0,6.5
1354,1.44690627782785e-05,5.347318770554388e-07,2.25366679540144e-10,1.8905121732357e-06,6.98156327701475e-09,1.084387749039628e-06,1.75447902718411e-09,2.9772375455650035e-05,1.6191193771275536e-06,0.0002323621083633043,1.0,6.5
1355,1.58811858448306e-05,1.495329035039461e-06,5.13950402294094e-10,2.04378989946503e-06,7.43587448864445e-09,1.5624180620399386e-06,1.39716962621305e-09,2.1513504464110156e-05,3.0577465500725154e-06,0.0002144428090105066,1.0,6.5
1356,1.3629254463788e-05,1.907876151063803e-06,4.45246586935434e-10,1.23055181344527e-06,6.81692911154279e-09,1.6794054120694568e-06,1.49463720073477e-09,1.9420687465299125e-05,3.5872811251502768e-06,0.0002125376086041797,1.0,6.5
1357,1.09309864412877e-05,2.0855408590647606e-06,3.88451372311808e-10,3.0934694361781e-07,6.33215440845603e-09,1.680854429086942e-06,1.55634248380779e-09,1.8816432458379495e-05,3.766394720106092e-06,0.00021104320876474958,1.0,6.5
1358,7.95356731693236e-06,1.934554487048601e-06,4.23350891659119e-10,6.36816582706549e-07,5.90053801941004e-09,1.419218123077659e-06,1.55548989143263e-09,2.130525345478418e-05,3.353772530134691e-06,0.00021039780949649867,1.0,6.5
1359,1.76799113543735e-13,3.8211014796729614e-07,7.19626486493045e-17,6.68594953706636e-15,3.14488832111465e-14,3.8211014896649687e-07,1.80391675040506e-15,4.979019544748553e-05,7.642207028313308e-07,0.00021702610865759198,1.0,6.5
1360,1.22207815114752e-05,1.638440743967351e-06,5.54373465010512e-09,2.30077490294682e-06,1.26027659259626e-07,6.375867699359716e-07,8.42219578426774e-09,5.0208389467343295e-05,2.2760280439237945e-06,0.00022915570843906607,1.0,6.5
1361,8.84310367582317e-06,4.447817569253054e-07,2.27949689120129e-09,2.18712254588181e-06,2.60608153390685e-08,7.375669791587214e-08,3.13046450057656e-09,4.1412287458797437e-05,5.185389458928213e-07,0.00022937160974834114,1.0,6.5
1362,1.02040462377363e-05,1.2024153495104883e-07,1.10745259127185e-08,2.04179986081651e-06,6.44124950041554e-08,2.9279701407869396e-07,2.14664035943435e-08,3.7501593453725945e-05,1.7255517215097882e-07,0.00022822970822744537,1.0,6.5
1363,1.13879120415997e-05,1.6397604507556451e-07,1.09190373956219e-08,1.91937063999373e-06,8.05075381707647e-08,6.802574760711444e-07,1.23373061051129e-08,3.379103947054318e-05,8.442330501345907e-07,0.00022799320868216455,1.0,6.5
1364,1.45244761014867e-05,5.410439130604239e-07,4.6104728959779e-09,1.8965718460562e-06,5.31263996484055e-08,1.1049436110521782e-06,6.15021959751481e-09,2.9598897469895746e-05,1.6459872731466874e-06,0.0002323323096788954,1.0,6.5
1365,1.58811467605726e-05,1.4953240600745765e-06,1.54184789159046e-09,2.04379353080234e-06,2.23073612343991e-08,1.5624132170821703e-06,4.19148109381886e-09,2.1513532459493945e-05,3.057736732148264e-06,0.0002144427089660894,1.0,6.5
1366,1.36292213836144e-05,1.907871784057047e-06,1.33573757517034e-09,1.23055668564828e-06,2.04505403638902e-08,1.6794022860699975e-06,4.48388901882702e-09,1.9420710458462054e-05,3.5872736311448605e-06,0.00021253780869301409,1.0,6.5
1367,1.09309579898642e-05,2.0855371470340778e-06,1.16534951092992e-09,3.09352671965782e-07,1.8996199147817e-08,1.6808531210776856e-06,4.66899864147978e-09,1.8816449454561734e-05,3.7663897081152697e-06,0.00021104320876474958,1.0,6.5
1368,7.95354232490091e-06,1.9345507840662357e-06,1.27003989585693e-09,6.3681049058907e-07,1.77013760376351e-08,1.4192193720785617e-06,4.6664427830635e-09,2.1305261469706238e-05,3.353770074099316e-06,0.00021039770945208147,1.0,6.5
1369,1.63493350802124e-13,3.8211015296329975e-07,3.08357685766718e-16,6.81448170461452e-15,2.65536155346843e-14,3.8211015296329975e-07,3.76543414504216e-16,4.979019544748553e-05,7.642207028313308e-07,0.00021702610865759198,1.0,6.5
1370,1.21734209771586e-05,1.6387109589288684e-06,2.96150794216166e-09,2.3045730818663e-06,2.82880737061551e-07,6.292335089641554e-07,8.65031212222408e-09,5.020534445066005e-05,2.267945000911098e-06,0.0002294515088578919,1.0,6.5
1371,8.75572533619606e-06,4.5229076595099116e-07,7.70889622298946e-09,2.18896266891524e-06,1.06082519990544e-07,7.767642395961616e-08,1.37120693856177e-08,4.149345045334485e-05,5.29967672857623e-07,0.00022914690816833172,1.0,6.5
1372,1.01421055971665e-05,1.1861050991379685e-07,1.36271081382566e-08,2.04541398518108e-06,5.52781396845819e-08,2.9979004706470747e-07,1.76607544137726e-08,3.7489637463750114e-05,1.8117923217264575e-07,0.0002285194095748011,1.0,6.5
1373,1.13879034777621e-05,1.6402218805389168e-07,1.02189800359984e-08,1.91935542457578e-06,9.16386835349156e-08,6.802491120394549e-07,8.87855843342884e-09,3.379088144583875e-05,8.442708281375388e-07,0.00022799310863774735,1.0,6.5
1374,1.45462071885383e-05,5.585791950646346e-07,5.38784768021769e-09,1.87664659637171e-06,3.0720818156233e-08,1.113162857058203e-06,1.05602377701088e-08,2.938405646091269e-05,1.6717418021006125e-06,0.0002322496093256632,1.0,6.5
1375,1.58810685695022e-05,1.4953141100337852e-06,2.56976688874043e-09,2.04380079278838e-06,3.71787901930724e-08,1.5624035340500164e-06,6.9857728842547e-09,2.1513589445021353e-05,3.0577170960777167e-06,0.0002144429090549238,1.0,6.5
1376,1.36291551520781e-05,1.9078630570379396e-06,2.22624044957677e-09,1.23056643531273e-06,3.40840653272159e-08,1.6793960370686811e-06,7.47311631430071e-09,1.9420753460508422e-05,3.5872586531260353e-06,0.0002125377086485969,1.0,6.5
1377,1.09309011307643e-05,2.085529721085333e-06,1.94224924019206e-09,3.093641323794e-07,3.16601594247795e-08,1.6808505080567748e-06,7.78163458250141e-09,1.8816480462646723e-05,3.76637966315041e-06,0.00021104310872033238,1.0,6.5
1378,7.92839410648956e-06,1.925869761054688e-06,1.73306350712974e-09,6.34227298842787e-07,2.35922828285319e-08,1.4013049540739786e-06,6.21142124014895e-09,2.149362745740291e-05,3.3271746481267073e-06,0.00021044620916654821,1.0,6.5
1379,1.78728993410759e-13,3.821101539625005e-07,2.45684023933478e-16,6.71066934659903e-15,2.66418424864703e-14,3.8211015296329975e-07,5.46488716909529e-16,4.979019544748553e-05,7.642207028313308e-07,0.00021702610865759198,1.0,6.5
1380,1.24013897810979e-05,1.644688928936766e-06,6.19704606461466e-09,2.29535077796432e-06,7.90298263320479e-08,6.456853169356513e-07,4.02272028789774e-09,5.0232398450589244e-05,2.290374783830984e-06,0.00022932470892556012,1.0,6.5
1381,8.84858109582769e-06,4.5313468094443365e-07,1.06458571221298e-08,2.19088596515204e-06,1.30456200803005e-07,7.504068594288427e-08,1.54275844450972e-08,4.146062846643872e-05,5.281758588271401e-07,0.00022911460837349296,1.0,6.5
1382,1.00288926673802e-05,1.1989961495872947e-07,1.11784965860266e-09,2.05749348849212e-06,1.29531071455744e-08,3.151957600477928e-07,2.94441093129193e-09,3.7446342446401104e-05,1.952958391671089e-07,0.0002283179092046339,1.0,6.5
1383,1.1342201228007e-05,1.741693040346881e-07,7.09713588342338e-10,1.92714520559945e-06,1.08000284746286e-08,6.96656365040127e-07,3.47698144252758e-09,3.364751646017794e-05,8.708251971745185e-07,0.00022799760881753173,1.0,6.5
1384,1.47095048440226e-05,5.385435290494733e-07,7.18088727008612e-10,1.8657413387294e-06,2.43807460325332e-08,1.0971829680350709e-06,5.44939847187001e-09,2.9557099452404145e-05,1.6357262431210273e-06,0.00023197170958155766,1.0,6.5
1385,1.58809512919755e-05,1.4952991850836206e-06,3.59771840771744e-09,2.04381168464801e-06,5.20502323597135e-08,1.562389007059295e-06,9.78003415791287e-09,2.151367345959443e-05,3.057687646079721e-06,0.0002144427089660894,1.0,6.5
1386,1.36659577700668e-05,1.91533892107687e-06,8.6425042906325e-10,1.23325451778955e-06,1.35626763869034e-08,1.6986703400556635e-06,2.98562798674962e-09,1.923711545259721e-05,3.6140088230940393e-06,0.00021249530982458964,1.0,6.5
1387,1.09308157795495e-05,2.0855185920432007e-06,2.71915294540186e-09,3.09381322175048e-07,4.4324056745415e-08,1.6808465830853159e-06,1.08942350762327e-08,1.881652644897258e-05,3.766364611079709e-06,0.00021104320876474958,1.0,6.5
1388,7.92843169525282e-06,1.9258754440643067e-06,8.66536865446188e-10,6.34236427043695e-07,1.17961970509e-08,1.401302957060313e-06,3.10571294761175e-09,2.149361844772102e-05,3.3271783290711454e-06,0.0002104463092109654,1.0,6.5
1389,1.56620376390304e-13,3.8211014896649687e-07,1.57565492364719e-16,6.86571025726446e-15,3.34420804850438e-15,3.8211014796729614e-07,2.3992547044157e-16,4.979019544748553e-05,7.642207028313308e-07,0.00021702610865759198,1.0,6.5
1390,1.23133168330956e-05,1.6463057799231962e-06,5.58353530918194e-18,2.28301360789279e-06,1.39753660033382e-16,6.696407059414433e-07,8.71037860979487e-17,5.036426446736186e-05,2.315947019826403e-06,0.00022931030980544165,1.0,6.5
1391,8.98125141554513e-06,4.356236929514701e-07,4.31300739499642e-17,2.18310106909879e-06,3.25534412794204e-15,7.323060091657396e-08,2.27140355135713e-16,4.126765844603142e-05,5.088547898601803e-07,0.00022876300863572396,1.0,6.5
1392,1.00289149253701e-05,1.1989364895326204e-07,2.5682462477224e-17,2.05749209903983e-06,4.0625326453575e-15,3.152054240396218e-07,9.85946350604006e-17,3.7446316468958685e-05,1.9531147310569708e-07,0.00022831770911579952,1.0,6.5
1393,1.1342216963255e-05,1.7417440806299922e-07,3.05935595054044e-17,1.92714210499087e-06,2.77382283808691e-15,6.966642960848368e-07,1.25208410263131e-17,3.364748644685278e-05,8.708382310818052e-07,0.00022799750877311453,1.0,6.5
1394,1.48004209711812e-05,5.46658970035363e-07,9.96322504207871e-17,1.85676364695001e-06,2.09355373748804e-15,1.1009204300416187e-06,1.96781000240225e-16,2.9463166470122815e-05,1.6475791371206583e-06,0.00023218260866997298,1.0,6.5
1395,1.59268452955123e-05,1.5022548070509067e-06,9.76552755218955e-17,2.04823466053058e-06,1.67075554780016e-16,1.5822399330733816e-06,8.25433607099316e-17,2.1334443459863905e-05,3.084494205163324e-06,0.00021440580894704908,1.0,6.5
1396,1.36659741672568e-05,1.915341043046137e-06,7.63049630534036e-18,1.2332520868991e-06,2.44772192965759e-15,1.6986719430511776e-06,9.8775900111113e-17,1.923710544815549e-05,3.6140125401207257e-06,0.00021249540986900683,1.0,6.5
1397,1.09593946938441e-05,2.093416346049537e-06,8.97490699922239e-17,3.10073768161286e-07,1.12602527128913e-15,1.6996019050474764e-06,8.50624366950659e-17,1.862992746737291e-05,3.793017687159228e-06,0.00021099690820847172,1.0,6.5
1398,7.92844424675259e-06,1.9258773380492755e-06,4.2526559666323e-17,6.34239470291152e-07,1.96403223545749e-15,1.4013022910375206e-06,2.24040214548762e-17,2.149361245074033e-05,3.3271795580880337e-06,0.0002104464092553826,1.0,6.5
1399,1.40519540448025e-13,3.8211015196409903e-07,5.16097174762045e-18,6.778486192488e-15,1.95183496101703e-16,3.8211015296329975e-07,1.33094287002068e-16,4.979019544748553e-05,7.642207028313308e-07,0.00021702610865759198,1.0,6.5
1400,1.47981306329796e-05,4.738922730340711e-07,4.256663491264e-17,1.24061300716598e-06,3.60510774878586e-16,1.3544115670671708e-06,1.25511648058248e-16,1.4778454470842917e-05,1.82830331008077e-06,0.00017990400920098182,1.0,7.0
1401,1.59286750672956e-05,5.933577240657684e-07,6.59274123414839e-17,1.44077183615867e-06,4.29413855819114e-15,1.8096149930757477e-06,1.77194210367916e-16,1.076318847026414e-05,2.402972219095467e-06,0.00017177380868815817,1.0,7.0
1402,1.33977294720179e-05,1.343807429055044e-06,2.31455193908586e-17,2.07204470104269e-06,2.26788667056013e-15,2.387143546056514e-06,1.61767199299574e-16,2.7060474678819446e-06,3.730950669078581e-06,0.0001689083092060173,1.0,7.0
1403,1.39570485948963e-05,1.6207083000652212e-06,3.34472135047042e-19,2.6278629565381e-06,2.64405061430398e-15,2.4350434030817603e-06,1.69355767474025e-17,5.815497445382789e-06,4.0557512230865456e-06,0.000171733709066757,1.0,7.0
1404,1.17215092028194e-05,2.056261287075589e-06,5.31520585940362e-17,2.18186841421808e-06,1.66730642963894e-15,2.7526583930570503e-06,1.39743495638014e-16,1.50330345149996e-06,4.808919414123203e-06,0.00016972070807241835,1.0,7.0
1405,8.93293689103796e-06,2.4556696760491548e-06,5.8199633805843e-17,1.73434208413352e-06,6.11706865716322e-16,3.0954764190793682e-06,4.34892126108775e-17,3.0420695509292273e-06,5.551145565108051e-06,0.00016768650857557077,1.0,7.0
1406,5.42444014368232e-06,2.9644996060729234e-06,9.7728543871833e-18,1.62626963518523e-06,4.51430613810505e-15,3.571553004066974e-06,1.56996709740637e-16,1.0207189546918016e-05,6.5360521711577135e-06,0.00016518280972377397,1.0,7.0
1407,1.28469820880311e-06,3.3967945780588593e-06,4.89055647920952e-17,1.823552858536e-06,3.7565978973364e-15,3.798336114080314e-06,8.03614038378045e-17,1.2811673542501012e-05,7.1951301471306905e-06,0.0001662070080783451,1.0,7.0
1408,1.61842992175325e-06,3.482587790037961e-06,2.94837345862645e-17,1.68557013693199e-06,3.58127562978192e-15,3.6541452150817832e-06,3.68586386997709e-18,7.573442530883767e-06,7.136732960155712e-06,0.00017306230984104332,1.0,7.0
1409,1.45875065499235e-13,4.126024152062424e-06,2.90252780035631e-17,6.65689291884375e-15,1.49762878964496e-15,4.126024151063223e-06,6.67559371225323e-17,1.6444714532326543e-05,8.252047918100303e-06,0.00019866190814354923,1.0,7.0
1410,1.47368035914625e-05,4.571394180419297e-07,6.03337062063052e-09,1.2483670161355e-06,4.60744207104313e-08,1.3466867580524955e-06,2.14901386490214e-08,1.5058287459623898e-05,1.8038256510699568e-06,0.00018004580851993524,1.0,7.0
1411,1.59563646610704e-05,5.994128190467407e-07,3.98199670806309e-09,1.4400826362757e-06,6.74695868519248e-08,1.8112157670335804e-06,3.02162111368134e-09,1.0667982451195712e-05,2.4106280991365026e-06,0.00017153520821011625,1.0,7.0
1412,1.33977432442043e-05,1.3438054030645574e-06,1.82748040328517e-10,2.07205120558467e-06,1.58057011728991e-08,2.387135877079949e-06,5.84850481963714e-09,2.7060984564286628e-06,3.730940976165442e-06,0.00016890860933926888,1.0,7.0
1413,1.39803432678614e-05,1.6233457940662e-06,5.90092542395851e-10,2.63611269340277e-06,4.66931945830733e-08,2.4463147210718184e-06,3.68426873945528e-09,5.688103470902206e-06,4.069660033079181e-06,0.00017168790873256512,1.0,7.0
1414,1.17448890886813e-05,2.063873121072035e-06,2.77191486685391e-09,2.17886072647878e-06,1.01946134500991e-08,2.7567181890564285e-06,1.08981897871878e-08,1.363641445095709e-06,4.820591055110235e-06,0.00016964720816758927,1.0,7.0
1415,8.94612179607552e-06,2.4631758080428945e-06,2.01225989781452e-09,1.72926390030879e-06,1.1147119208604e-08,3.09915785906556e-06,1.08635145719859e-08,3.1824165489524603e-06,5.562333123099172e-06,0.00016760990911279805,1.0,7.0
1416,5.42445735048904e-06,2.964499698054901e-06,4.2594903797252e-10,1.6262726586177e-06,1.61136033688194e-08,3.5715510410816442e-06,2.6458804765477e-09,1.0207181531995957e-05,6.5360503060940545e-06,0.00016518270967935678,1.0,7.0
1417,1.28471480037888e-06,3.396795097032612e-06,3.05409832175834e-10,1.82355410008268e-06,1.63765871543788e-08,3.7983352550452487e-06,7.14550598593418e-10,1.2811672547741182e-05,7.195129808068579e-06,0.0001662071081227623,1.0,7.0
1418,1.61841789055473e-06,3.482588145087284e-06,1.51655566469674e-10,1.68556896094143e-06,1.22322455317246e-08,3.6541450390559227e-06,1.16911438388345e-09,7.573442530883767e-06,7.136733137125262e-06,0.00017306210975220893,1.0,7.0
1419,1.4220786007102e-13,4.126024155060026e-06,1.40037416070712e-16,6.6795527442487e-15,2.76174076012728e-15,4.1260241540608256e-06,2.71016661803486e-16,1.6444714532326543e-05,8.252047918100303e-06,0.00019866190814354923,1.0,7.0
1420,1.47184295624311e-05,4.632780530866576e-07,5.4372717752005e-10,1.25635275714141e-06,2.32201694435317e-08,1.356052636070082e-06,1.46315662683131e-08,1.4945055454518297e-05,1.8193301560831543e-06,0.00018002720935328398,1.0,7.0
1421,1.59563212359176e-05,5.994294580702331e-07,4.23136495452579e-09,1.44008957089233e-06,6.19176708128858e-08,1.811196876033705e-06,3.40117870298279e-09,1.0667987453416572e-05,2.410625855153725e-06,0.00017153520821011625,1.0,7.0
1422,1.33882825420415e-05,1.3430437390549166e-06,1.7301604932744e-09,2.06593703727822e-06,1.05475707161542e-08,2.379456847056982e-06,9.21259552650372e-09,2.7877504464868252e-06,3.7225002791352324e-06,0.00016912490900722332,1.0,7.0
1423,1.39477416413196e-05,1.6158333850380124e-06,2.87352990425036e-09,2.63739694283122e-06,3.8880118713493e-08,2.4416759920597997e-06,1.44874192398855e-08,5.826330465197316e-06,4.057508892096884e-06,0.00017175700850202702,1.0,7.0
1424,1.17449143517689e-05,2.063890357062448e-06,2.62549194245811e-09,2.1788382565061e-06,1.46465812750156e-09,2.7567154210483835e-06,6.99363354490919e-09,1.3635284688007232e-06,4.820605523092603e-06,0.00016964740825642366,1.0,7.0
1425,8.95263007427228e-06,2.4678898430385843e-06,6.56913407199793e-10,1.73879428936327e-06,2.52576469463606e-08,3.107872718066673e-06,1.42543529392677e-08,3.3158245287268073e-06,5.5757620130991725e-06,0.0001675537096161861,1.0,7.0
1426,5.42564419945017e-06,2.9716034330440344e-06,1.39328396196789e-09,1.6182452033136e-06,7.23823128732627e-09,3.5752378010345254e-06,8.11238314794669e-09,1.0347969549684422e-05,6.546840798149489e-06,0.00016510360910615418,1.0,7.0
1427,1.27210790844615e-06,3.3946924400396483e-06,1.67349726676182e-10,1.82351904280995e-06,2.40392906243346e-08,3.7945078620871264e-06,6.74878493122232e-09,1.276205654221485e-05,7.189199756174602e-06,0.0001660392081248574,1.0,7.0
1428,1.61838175828308e-06,3.4825892060719177e-06,3.03311395078682e-10,1.6855654347379e-06,2.44644896545487e-08,3.654144511033852e-06,2.33821664302558e-09,7.5734495510459965e-06,7.1367336751393395e-06,0.00017306210975220893,1.0,7.0
1429,1.38974769192668e-13,4.1260241540608256e-06,1.25949352333741e-16,6.20190747716021e-15,2.73613529294496e-14,4.126024153061625e-06,8.99594729763219e-16,1.6444714532326543e-05,8.252047918100303e-06,0.00019866190814354923,1.0,7.0
1430,1.47605022209678e-05,4.6378736806573784e-07,1.4751422673256e-09,1.26495791402605e-06,8.66249174349775e-08,1.3699455050364406e-06,1.34461350577633e-08,1.483365144849813e-05,1.833732341083305e-06,0.00018000540876528248,1.0,7.0
1431,1.59274599808623e-05,6.079979390505308e-07,4.83015988581657e-10,1.44840062125214e-06,1.23437147098372e-08,1.8183616640743416e-06,9.60465169579936e-09,1.054473446515658e-05,2.4263591170692322e-06,0.00017150350868178066,1.0,7.0
1432,1.33882863233132e-05,1.343026437061745e-06,1.9149059902703e-09,2.06597659069457e-06,2.62394851158502e-08,2.379450848077891e-06,1.50595360631106e-08,2.7879624440174666e-06,3.7224769821042614e-06,0.00016912500905164052,1.0,7.0
1433,1.3947865825094e-05,1.6158514680730818e-06,2.38658485781261e-09,2.63737963683691e-06,4.85369845209057e-08,2.44169337404454e-06,1.05954064618693e-08,5.826143450349264e-06,4.057544360169807e-06,0.00017175710854644421,1.0,7.0
1434,1.17604804911204e-05,2.0673819900451917e-06,1.65588628214496e-09,2.18744703599973e-06,4.33930601229961e-08,2.766902379047753e-06,1.07937047290455e-08,1.2326554497121833e-06,4.834284119126231e-06,0.00016959580898401327,1.0,7.0
1435,8.96754251816919e-06,2.4697279770724556e-06,3.37922754193419e-10,1.73979908722733e-06,2.04506948118507e-08,3.111913757070095e-06,5.47734390755839e-09,3.3633095313234662e-06,5.581641188134867e-06,0.00016772390881669708,1.0,7.0
1436,5.42568589022166e-06,2.971611375079952e-06,1.81544285523883e-09,1.61822729979406e-06,2.33755473835789e-08,3.5752357120388822e-06,5.45903015735418e-09,1.034801954347131e-05,6.546846653132654e-06,0.00016510380919498857,1.0,7.0
1437,1.27207710636521e-06,3.394690900049291e-06,1.34457680266093e-10,1.82353572460424e-06,7.65690316142584e-09,3.7945044360498947e-06,7.46582565906146e-09,1.2762019537149172e-05,7.189194798140619e-06,0.0001660393081692746,1.0,7.0
1438,1.61832148952434e-06,3.482590978043376e-06,4.54960274420808e-10,1.68555956239368e-06,3.66966408827207e-08,3.6541436350678858e-06,3.50731596850129e-09,7.573453530085317e-06,7.136734564094915e-06,0.00017306200970779173,1.0,7.0
1439,1.38025875451309e-13,4.126024153061625e-06,2.84956706532924e-16,6.64057567614784e-15,1.83919448681208e-14,4.1260241540608256e-06,1.49778294964136e-16,1.6444714532326543e-05,8.252047918100303e-06,0.00019866190814354923,1.0,7.0
1440,1.46596521641046e-05,4.6734791403491016e-07,1.78639140930273e-10,1.26426202373555e-06,1.37807165456532e-09,1.3654682860519962e-06,3.16464626706875e-09,1.486742544898334e-05,1.8328156691227449e-06,0.00018004690900852438,1.0,7.0
1441,1.59787467812898e-05,6.008634510501487e-07,1.28765119816048e-10,1.47031039832305e-06,2.94230451100877e-09,1.830178113060299e-06,3.2055622503879e-09,1.0575626447462128e-05,2.431041073114315e-06,0.000171568008227041,1.0,7.0
1442,1.33117572479838e-05,1.3411148200859202e-06,9.61278933526136e-11,2.04911960900175e-06,7.8998288982981e-09,2.377141915033132e-06,2.94889645507091e-09,2.776967448880896e-06,3.7182564330828782e-06,0.0001690897097432753,1.0,7.0
1443,1.39667590164972e-05,1.6172873520403641e-06,2.39603928786235e-10,2.63911357966068e-06,4.84213287648967e-09,2.446034180036971e-06,1.94105741695461e-09,5.782234467233138e-06,4.063321054070812e-06,0.00017193160965689458,1.0,7.0
1444,1.1777459441227e-05,2.0690402340872716e-06,6.74277462448248e-11,2.18883217871374e-06,5.88606052548575e-09,2.7710773310429815e-06,1.94099354417534e-09,1.1867734599491087e-06,4.8401173171619405e-06,0.00016976800907286815,1.0,7.0
1445,8.96751387191629e-06,2.469729397047704e-06,1.12643685694159e-10,1.73979216239797e-06,6.81692596030917e-09,3.1119196890472267e-06,1.82579423988301e-09,3.3633455416293145e-06,5.581648541141959e-06,0.00016772390881669708,1.0,7.0
1446,5.41721195209538e-06,2.962593987076989e-06,2.11880536414018e-10,1.60609546885529e-06,8.04017829973745e-09,3.565161329044386e-06,1.33818431881633e-09,1.0164213534835653e-05,6.5277548830788845e-06,0.0001649946098041255,1.0,7.0
1447,1.27207962347673e-06,3.3946903750803337e-06,4.36256354001585e-10,1.82355491997767e-06,8.72546508927808e-09,3.794499305043164e-06,8.18281424071311e-09,1.2761982532083493e-05,7.189189138112617e-06,0.0001660393081692746,1.0,7.0
1448,1.63441086669606e-06,3.480357244067811e-06,7.43627096655585e-11,1.68647601099373e-06,6.12710243377498e-09,3.650435913049588e-06,5.84862521021802e-10,7.5233225516058155e-06,7.130793099108246e-06,0.00017289510833506938,1.0,7.0
1449,1.29760785450017e-13,4.126024153061625e-06,5.98936997003516e-18,5.93730793696512e-15,3.97718696084487e-14,4.126024153061625e-06,1.9771570109752e-15,1.6444714532326543e-05,8.252047918100303e-06,0.00019866190814354923,1.0,7.0
1450,1.46596520540825e-05,4.673479120365087e-07,1.78639172880833e-10,1.26426202226113e-06,1.37807214410971e-09,1.3654682850527955e-06,3.16464647205919e-09,1.486742445422351e-05,1.8328156691227449e-06,0.00018004690900852438,1.0,7.0
1451,1.59787466630839e-05,6.00863450050948e-07,1.28765127448945e-10,1.47031039645035e-06,2.94231114684107e-09,1.8301781160579011e-06,3.20556209735276e-09,1.0575626447462128e-05,2.4310410721151143e-06,0.000171568008227041,1.0,7.0
1452,1.33117572028833e-05,1.341114821085121e-06,9.61277102006911e-11,2.04911960781434e-06,7.89982693441495e-09,2.377141915033132e-06,2.94889655190203e-09,2.776967448880896e-06,3.7182564360804804e-06,0.0001690897097432753,1.0,7.0
1453,1.39667589847004e-05,1.6172873520403641e-06,2.3960395912632e-10,2.63911357964832e-06,4.8421376202672e-09,2.4460341850329748e-06,1.94105744729533e-09,5.782233444051599e-06,4.063321057068414e-06,0.00017193160965689458,1.0,7.0
1454,1.17774593834453e-05,2.0690402330325597e-06,6.74276426912353e-11,2.18883217704662e-06,5.88605880195666e-09,2.7710773300437808e-06,1.94099316465207e-09,1.1867734599491087e-06,4.840117314164338e-06,0.00016976800907286815,1.0,7.0
1455,8.96751375578219e-06,2.4697293950493027e-06,1.12643728454076e-10,1.73979216114934e-06,6.81692267607106e-09,3.111919692044829e-06,1.82579426199735e-09,3.3633455416293145e-06,5.58164854214116e-06,0.00016772390881669708,1.0,7.0
1456,5.41721185786173e-06,2.9625939850785876e-06,2.11880592124645e-10,1.60609546878514e-06,8.04018198540142e-09,3.565161330043587e-06,1.33818412801539e-09,1.0164213534835653e-05,6.527754882079684e-06,0.0001649946098041255,1.0,7.0
1457,1.27207954431783e-06,3.3946903750803337e-06,4.36256368384628e-10,1.82355491967886e-06,8.72546395899731e-09,3.794499306042365e-06,8.1828143305401e-09,1.2761982532083493e-05,7.1891891331166136e-06,0.0001660393081692746,1.0,7.0
1458,1.63441094107536e-06,3.4803572430686103e-06,7.43627564141539e-11,1.6864760102696e-06,6.12710575043074e-09,3.650435913049588e-06,5.84862559397476e-10,7.5233225516058155e-06,7.130793101106647e-06,0.00017289510833506938,1.0,7.0
1459,1.80351827222536e-13,4.126024156059227e-06,1.06657118168841e-16,6.90799414199139e-15,3.58897753096471e-14,4.126024155060026e-06,1.69289444794255e-15,1.6444714532326543e-05,8.252047918100303e-06,0.00019866190814354923,1.0,7.0
1460,1.47605022696186e-05,4.6378736406893495e-07,1.47514240921394e-09,1.26495790990771e-06,8.66249252951044e-08,1.36994550403724e-06,1.34461351043823e-08,1.483365144849813e-05,1.833732345080108e-06,0.00018000540876528248,1.0,7.0
1461,1.59274599783012e-05,6.079979390505308e-07,4.83016000070461e-10,1.44840061914107e-06,1.2343714883567e-08,1.818361666072743e-06,9.60465168324972e-09,1.054473446515658e-05,2.4263591160700315e-06,0.00017150350868178066,1.0,7.0
1462,1.33882862933677e-05,1.3430264380609458e-06,1.91490606539751e-09,2.06597659043481e-06,2.6239484252351e-08,2.3794508490770916e-06,1.50595358913086e-08,2.7879624440174666e-06,3.722476979106659e-06,0.00016912500905164052,1.0,7.0
1463,1.39478657412875e-05,1.6158514650754796e-06,2.38658481950989e-09,2.63737963603053e-06,4.85369777495075e-08,2.441693375043741e-06,1.05954069012388e-08,5.826143450349264e-06,4.057544362168208e-06,0.00017175710854644421,1.0,7.0
1464,1.1760480461122e-05,2.067381992043593e-06,1.65588633414474e-09,2.18744703538e-06,4.33930629961454e-08,2.7669023810461546e-06,1.07937048326757e-08,1.2326554497121833e-06,4.834284121124632e-06,0.00016959580898401327,1.0,7.0
1465,8.96754245996575e-06,2.4697279740748534e-06,3.37922801678933e-10,1.73979908757308e-06,2.04506905315019e-08,3.111913760067697e-06,5.47734389894153e-09,3.3633095313234662e-06,5.5816411901332685e-06,0.00016772390881669708,1.0,7.0
1466,5.42568588293062e-06,2.9716113740807515e-06,1.81544291312273e-09,1.61822729809332e-06,2.33755512640468e-08,3.5752357140372837e-06,5.45903004231186e-09,1.034801854871148e-05,6.5468466551310556e-06,0.00016510380919498857,1.0,7.0
1467,1.27207707122491e-06,3.3946908980508894e-06,1.34457583551659e-10,1.82353572479669e-06,7.65690102354178e-09,3.794504435050694e-06,7.46582561506911e-09,1.2762019537149172e-05,7.189194793144615e-06,0.0001660393081692746,1.0,7.0
1468,1.61832152285619e-06,3.4825909800417776e-06,4.54960197677082e-10,1.68555956239823e-06,3.66966391778331e-08,3.6541436360670865e-06,3.50731587749353e-09,7.573454553266856e-06,7.136734562096514e-06,0.00017306200970779173,1.0,7.0
1469,1.63049261592274e-13,4.126024153061625e-06,2.73663216247182e-16,6.84223728023015e-15,1.90040989672333e-14,4.126024153061625e-06,4.34765071166687e-17,1.6444714532326543e-05,8.252047918100303e-06,0.00019866190814354923,1.0,7.0
1470,1.47184294602266e-05,4.6327805208745687e-07,5.43726952856102e-10,1.25635275538353e-06,2.32201640183873e-08,1.356052636070082e-06,1.46315663363621e-08,1.4945055454518297e-05,1.8193301590807565e-06,0.00018002720935328398,1.0,7.0
1471,1.59563212632665e-05,5.994294580702331e-07,4.23136493228185e-09,1.44008956971633e-06,6.19176679928082e-08,1.8111968770329057e-06,3.40117898832787e-09,1.0667987453416572e-05,2.410625852156123e-06,0.00017153520821011625,1.0,7.0
1472,1.33882825013368e-05,1.3430437390549166e-06,1.73016058615299e-09,2.06593703671707e-06,1.05475693257733e-08,2.379456848056183e-06,9.21259546359204e-09,2.7877504464868252e-06,3.722500281133634e-06,0.00016912490900722332,1.0,7.0
1473,1.39477416192203e-05,1.6158333850380124e-06,2.87352973477505e-09,2.63739694159808e-06,3.88801233476441e-08,2.4416759920597997e-06,1.44874192193051e-08,5.826331459957146e-06,4.057508894095285e-06,0.00017175700850202702,1.0,7.0
1474,1.17449142904469e-05,2.063890356063247e-06,2.62549205113763e-09,2.1788382548184e-06,1.46465968222037e-09,2.7567154210483835e-06,6.99363314229241e-09,1.3635284688007232e-06,4.8206055270894055e-06,0.00016964740825642366,1.0,7.0
1475,8.95263002128732e-06,2.4678898430385843e-06,6.56913408960774e-10,1.73879428873509e-06,2.52576541147869e-08,3.1078727170674725e-06,1.4254352899906e-08,3.3158245287268073e-06,5.57576201010157e-06,0.0001675537096161861,1.0,7.0
1476,5.42564417222412e-06,2.9716034320448337e-06,1.39328398882667e-09,1.61824520179078e-06,7.23822688606854e-09,3.5752378010345254e-06,8.11238328699139e-09,1.0347969549684422e-05,6.546840800147891e-06,0.00016510360910615418,1.0,7.0
1477,1.2721078979836e-06,3.3946924400396483e-06,1.67349699789027e-10,1.82351904205584e-06,2.40392896282577e-08,3.794507864085528e-06,6.74878495175186e-09,1.276205654221485e-05,7.189199755064379e-06,0.0001660392081248574,1.0,7.0
1478,1.61838178377831e-06,3.4825892040735162e-06,3.0331150592946e-10,1.68556543428698e-06,2.446449528395e-08,3.654144511033852e-06,2.33821664639678e-09,7.5734495510459965e-06,7.13673367613854e-06,0.00017306210975220893,1.0,7.0
1479,1.8228170708956e-13,4.126024152062424e-06,2.31806236125663e-16,6.82169164906155e-15,2.397730722737e-14,4.126024152062424e-06,7.68533321834561e-16,1.6444714532326543e-05,8.252047918100303e-06,0.00019866190814354923,1.0,7.0
1480,1.47368034786386e-05,4.571394180419297e-07,6.03337069274765e-09,1.24836701561042e-06,4.60744184093884e-08,1.3466867610500977e-06,2.14901384941939e-08,1.5058286464864068e-05,1.8038256490715554e-06,0.00018004580851993524,1.0,7.0
1481,1.59563646486676e-05,5.994128200459414e-07,3.98199654419742e-09,1.44008263808669e-06,6.74695857682173e-08,1.8112157670335804e-06,3.02162113289628e-09,1.0667982451195712e-05,2.410628098137302e-06,0.00017153510816569906,1.0,7.0
1482,1.3397743244548e-05,1.3438054040637581e-06,1.8274805828371e-10,2.07205120535744e-06,1.58057032985994e-08,2.387135877079949e-06,5.8485048965977e-09,2.7060984564286628e-06,3.7309409741670407e-06,0.00016890860933926888,1.0,7.0
1483,1.39803432572835e-05,1.6233457930669992e-06,5.90092476715116e-10,2.63611269259479e-06,4.66931945966191e-08,2.446314719073417e-06,3.6842691499969e-09,5.688103470902206e-06,4.06966003207998e-06,0.00017168790873256512,1.0,7.0
1484,1.17448890640459e-05,2.0638731190736337e-06,2.77191493405772e-09,2.17886072512085e-06,1.01946190927141e-08,2.7567181920540307e-06,1.08981897001687e-08,1.363641445095709e-06,4.820591055110235e-06,0.00016964720816758927,1.0,7.0
1485,8.94612176357114e-06,2.4631758080428945e-06,2.01225999038718e-09,1.72926389971822e-06,1.1147112775111e-08,3.0991578600647607e-06,1.08635144633878e-08,3.1824165489524603e-06,5.562333124098373e-06,0.00016760990911279805,1.0,7.0
1486,5.42445735017463e-06,2.9644997000533024e-06,4.25948990460325e-10,1.62627265804405e-06,1.61136019367171e-08,3.5715510390832428e-06,2.645880534356e-09,1.0207181531995957e-05,6.536050307093255e-06,0.00016518270967935678,1.0,7.0
1487,1.2847147811434e-06,3.3967951010849262e-06,3.05409753970129e-10,1.82355409966982e-06,1.63765821886041e-08,3.7983352520476465e-06,7.14550634260282e-10,1.2811671552981352e-05,7.1951298090677795e-06,0.0001662071081227623,1.0,7.0
1488,1.61841790627436e-06,3.4825881440325723e-06,1.51655567698084e-10,1.68556896124077e-06,1.22322430756001e-08,3.6541450400551234e-06,1.1691144333561e-09,7.573442530883767e-06,7.1367331381244625e-06,0.00017306210975220893,1.0,7.0
1489,1.55288108760754e-13,4.126024155060026e-06,1.15932128941275e-16,6.8101991060332e-15,1.98486246969637e-15,4.126024157058428e-06,2.04163739408493e-16,1.6444714532326543e-05,8.252047918100303e-06,0.00019866190814354923,1.0,7.0
1490,1.47981306322596e-05,4.738922730340711e-07,4.72168987326253e-17,1.24061300700034e-06,7.48424759666744e-16,1.3544115670671708e-06,5.16740919801958e-17,1.4778454470842917e-05,1.82830331008077e-06,0.00017990400920098182,1.0,7.0
1491,1.59286750639187e-05,5.933577240657684e-07,4.31300739499642e-17,1.44077183637635e-06,5.03170096734229e-15,1.8096149930757477e-06,1.99384779520084e-16,1.076318847026414e-05,2.402972219095467e-06,0.00017177380868815817,1.0,7.0
1492,1.33977294713599e-05,1.3438074300542446e-06,1.18046746694096e-17,2.07204470094114e-06,3.61844343550743e-15,2.387143546056514e-06,9.85946350604006e-17,2.7060474678819446e-06,3.7309506700777817e-06,0.0001689083092060173,1.0,7.0
1493,1.39570485887021e-05,1.6207082990660204e-06,3.05935595054044e-17,2.62786295636183e-06,2.77382283808691e-15,2.435043404080961e-06,1.25208410263131e-17,5.815497445382789e-06,4.0557512230865456e-06,0.000171733709066757,1.0,7.0
1494,1.17215091998664e-05,2.056261287075589e-06,8.57544626129726e-17,2.18186841411265e-06,7.61286107937853e-16,2.7526583930570503e-06,1.96781000240225e-16,1.50330345149996e-06,4.808919414123203e-06,0.00016972070807241835,1.0,7.0
1495,8.93293688310074e-06,2.4556696760491548e-06,5.60219120984522e-17,1.73434208398834e-06,1.94343239418027e-15,3.0954764190793682e-06,2.70322094786737e-17,3.0420695509292273e-06,5.551145565108051e-06,0.00016768650857557077,1.0,7.0
1496,5.42444014312721e-06,2.9644996060729234e-06,1.31861854063813e-17,1.62626963529371e-06,2.27275880407274e-16,3.571553004066974e-06,9.8775900111113e-17,1.0207189546918016e-05,6.5360521711577135e-06,0.00016518280972377397,1.0,7.0
1497,1.28469820901474e-06,3.3967945780588593e-06,3.42379187609661e-17,1.82355285860381e-06,2.01420369098926e-15,3.798336114080314e-06,8.50624366950659e-17,1.2811673542501012e-05,7.19513014613149e-06,0.0001662070080783451,1.0,7.0
1498,1.61842992267786e-06,3.482587790037961e-06,2.86487718585086e-17,1.68557013706285e-06,2.85221065515762e-15,3.6541452150817832e-06,2.24040214548762e-17,7.573442530883767e-06,7.136732959156511e-06,0.00017306230984104332,1.0,7.0
1499,1.44960432546526e-13,4.126024151063223e-06,2.25946038680085e-17,6.72297504125674e-15,1.08336191580183e-15,4.126024151063223e-06,1.33094287002068e-16,1.6444714532326543e-05,8.252047918100303e-06,0.00019866190814354923,1.0,7.0
1500,1.11325988926196e-05,9.195083210400412e-07,7.87216539310386e-18,1.79164747943965e-06,8.04599984728649e-16,2.2118098220724747e-06,1.44893455957321e-17,3.7628835514169623e-06,3.1313176150904454e-06,0.00013597320867120288,1.0,7.5
1501,1.25328898631545e-05,1.2831720820338788e-06,7.28663062453911e-17,2.17527742129022e-06,4.7382277680412e-15,2.4281002430348586e-06,1.21683059136658e-16,5.108103550810483e-06,3.7112718280774004e-06,0.00013646800834976602,1.0,7.5
1502,1.30953204337626e-05,1.7335911080551547e-06,4.61005622477033e-18,2.32398204763859e-06,4.91529831159881e-16,2.6729364360766894e-06,1.61767199299574e-16,8.634911552007907e-06,4.406527236100466e-06,0.0001346008084510686,1.0,7.5
1503,1.22249439751625e-05,2.181136896040048e-06,3.34472135047042e-19,2.26309862157896e-06,2.64405061430398e-15,3.0401677220681655e-06,3.85755744838553e-17,1.541949853844926e-05,5.221304141156402e-06,0.0001301025095017394,1.0,7.5
1504,1.16048367133719e-05,2.716193911067588e-06,2.53964829784073e-17,2.14341885068503e-06,9.97228829461433e-16,3.4226497890865737e-06,1.39743495638014e-16,2.31397055472371e-05,6.138843445135933e-06,0.00012536060967249796,1.0,7.5
1505,1.22670118040797e-05,3.039576502050778e-06,4.43218459980285e-17,1.50587688504104e-06,3.2762421248167e-15,3.6202512980754165e-06,1.20219386203803e-17,2.4898936544559547e-05,6.65982726610892e-06,0.00012161160884716082,1.0,7.5
1506,1.1291132299758e-05,3.4978925620432477e-06,1.79827212284456e-17,1.53287215859925e-06,1.40568166915461e-15,3.6060341130350615e-06,4.59744072781217e-17,2.2605343531267863e-05,7.1039262321548335e-06,0.00012422760846675374,1.0,7.5
1507,7.22796853446211e-06,3.825740802043676e-06,9.05389282155385e-17,7.97018882268822e-07,2.86841947763627e-15,3.754101487063455e-06,8.03614038378045e-17,2.6685789549674155e-05,7.579841743154958e-06,0.00012108030932722613,1.0,7.5
1508,5.27090831769312e-06,4.103318648085441e-06,1.21496288371789e-17,8.75755517625032e-07,4.46945404948204e-15,4.151781988037673e-06,3.68586386997709e-18,3.800325353608969e-05,8.255100581111563e-06,0.00011239030936849304,1.0,7.5
1509,1.49871868387885e-13,4.176965448077219e-06,1.26080854198803e-17,6.65689291884375e-15,2.78728049755289e-16,4.176965448077219e-06,6.67559371225323e-17,3.856386254597055e-05,8.353930496141082e-06,0.00011204870861547533,1.0,7.5
1510,1.11847217770006e-05,9.196616910789324e-07,4.31024950645404e-09,1.80349501537102e-06,1.57323487443706e-08,2.211629719084396e-06,1.09023255132021e-09,3.6728045529343945e-06,3.13129088513886e-06,0.000136065509650507,1.0,7.5
1511,1.24818282420467e-05,1.2791948560408883e-06,2.07214867140072e-09,2.15978171416474e-06,3.76029798865684e-08,2.428083442085338e-06,3.44951223771204e-09,5.174061556090237e-06,3.707277813069787e-06,0.00013623030827147886,1.0,7.5
1512,1.3094422957983e-05,1.7387810930524772e-06,8.60161998589559e-10,2.31895512095319e-06,2.61185864241847e-08,2.6710411530350697e-06,6.72783020929827e-09,8.728458539053463e-06,4.409821942163994e-06,0.00013452430903271306,1.0,7.5
1513,1.21966747545282e-05,2.1786751600583187e-06,2.35784687795436e-09,2.25978119221878e-06,5.52971129443128e-09,3.037272196082519e-06,5.81018401660661e-09,1.5326496537682033e-05,5.215946881076405e-06,0.00013016540833632462,1.0,7.5
1514,1.16615448602737e-05,2.7115683570722027e-06,1.97263036206463e-09,2.14831749353596e-06,4.61511170024692e-08,3.4219908030541646e-06,4.61699877542898e-09,2.3023653540121813e-05,6.1335589160993464e-06,0.00012530210915429052,1.0,7.5
1515,1.22297538467857e-05,3.0403081880403526e-06,2.70898191635059e-09,1.49603945177732e-06,2.1405479591979e-08,3.6212545040381627e-06,3.04267059954665e-09,2.4989280547060844e-05,6.661562150123146e-06,0.00012152990893810056,1.0,7.5
1516,1.12911354156141e-05,3.4978915900429897e-06,4.23768459780346e-10,1.53287362222388e-06,4.85518339474986e-09,3.606034209069353e-06,2.05350976850639e-09,2.2605337534287173e-05,7.10392536307225e-06,0.00012422750842233654,1.0,7.5
1517,7.22797192948292e-06,3.825740005070077e-06,3.76859714238982e-10,7.97020226122561e-07,4.5259595640303e-09,3.7541017780529096e-06,1.82458788290655e-09,2.6685784547453295e-05,7.5798412371153034e-06,0.00012108040937164333,1.0,7.5
1518,5.27090830030729e-06,4.103318649084642e-06,2.11743625495235e-16,8.75755516639004e-07,2.52201417302172e-14,4.151781988037673e-06,1.2997627401993e-15,3.800325254132986e-05,8.25510057811396e-06,0.00011239020932407584,1.0,7.5
1519,1.40431503231619e-13,4.1769654530732225e-06,1.25953799256714e-18,6.6795527442487e-15,8.78457869597435e-15,4.176965452074022e-06,3.82038964266002e-16,3.856386254597055e-05,8.353930496141082e-06,0.00011204870861547533,1.0,7.5
1520,1.11846204246743e-05,9.196366660413346e-07,4.40486118101313e-09,1.80347631421228e-06,1.21444406649671e-08,2.2116364280511114e-06,4.17851780535956e-09,3.6727715553297458e-06,3.1312725621290838e-06,0.0001360657097393414,1.0,7.5
1521,1.24667729007394e-05,1.2771615780504675e-06,6.21717095119113e-12,2.15759266233314e-06,1.44416841153653e-08,2.425309426068445e-06,2.90870629943423e-10,5.122458532014207e-06,3.7024705281663017e-06,0.00013612260954687372,1.0,7.5
1522,1.30782183952392e-05,1.7370305870345604e-06,2.09166216909068e-09,2.31116907606512e-06,8.77893836447009e-09,2.6657146800501685e-06,6.52041098219652e-09,8.634397545392858e-06,4.402744962161975e-06,0.00013457750901579857,1.0,7.5
1523,1.22086717860863e-05,2.1812568510859442e-06,1.39324796555759e-09,2.26831053017635e-06,3.3385377162844e-08,3.0414933890332563e-06,4.37380901281612e-09,1.5422566548295435e-05,5.222749762112677e-06,0.00013010720977035817,1.0,7.5
1524,1.1661447925998e-05,2.711560766033294e-06,2.28027708466115e-09,2.14829937563753e-06,2.64847708659219e-08,3.421998213071209e-06,1.29119158183563e-09,2.3023691539947322e-05,6.133558732135391e-06,0.00012530220919870771,1.0,7.5
1525,1.22069337647975e-05,3.0378544610409897e-06,3.8769133578372e-10,1.49230742788617e-06,3.02304604957981e-08,3.6190491250476242e-06,8.98258797026171e-09,2.4896039548139015e-05,6.65690303813804e-06,0.00012159760808572173,1.0,7.5
1526,1.12911447797989e-05,3.4978886740422155e-06,8.47533090777588e-10,1.53287799978523e-06,9.71031782280287e-09,3.6060344790755927e-06,4.10701662186166e-09,2.2605315535884074e-05,7.1039227160785146e-06,0.00012422760846675374,1.0,7.5
1527,7.2279823043371e-06,3.825737606044655e-06,7.53716119616812e-10,7.97024282451076e-07,9.05195289879664e-09,3.754102643083179e-06,3.64917247562967e-09,2.6685771530310376e-05,7.57983970212095e-06,0.00012108030932722613,1.0,7.5
1528,5.2709083028131e-06,4.103318648085441e-06,6.15808199246927e-16,8.75755515615626e-07,4.99423500601934e-15,4.1517819890368735e-06,1.97569926727297e-15,3.800325555403106e-05,8.255100580112362e-06,0.00011239020932407584,1.0,7.5
1529,1.35422055513867e-13,4.176965452074022e-06,1.81460503564999e-16,6.25741862839146e-15,2.55849960900494e-14,4.176965452074022e-06,1.01061703222573e-15,3.856386254597055e-05,8.353930496141082e-06,0.00011204870861547533,1.0,7.5
1530,1.11541250498508e-05,9.179059210495666e-07,1.69936208650555e-09,1.80354939194262e-06,1.13037976338427e-09,2.2117370870322617e-06,3.19951069289365e-09,3.6441225290673174e-06,3.129642477173178e-06,0.0001360990081593627,1.0,7.5
1531,1.24667650120469e-05,1.2771517530763e-06,3.19188800126304e-10,2.15760805092432e-06,9.66567071545514e-09,2.425322554067133e-06,4.21077107586885e-09,5.122418542669038e-06,3.7024738230861942e-06,0.00013612240945803933,1.0,7.5
1532,1.3025364451203e-05,1.7351890780337165e-06,1.06898055036035e-09,2.31020743535387e-06,2.1436403454503e-08,2.6648562630460226e-06,1.03412320923819e-08,8.564313532133383e-06,4.40004504409508e-06,0.00013477890934154857,1.0,7.5
1533,1.21965112810389e-05,2.1893036830644697e-06,6.96227725767817e-10,2.26140681640468e-06,3.23630061855787e-08,3.042945597053759e-06,5.42385710644877e-09,1.559368655534854e-05,5.232248806108508e-06,0.00013026370834268164,1.0,7.5
1534,1.16384631535533e-05,2.7095564840706743e-06,2.00996571481405e-09,2.15279799214342e-06,1.07044254792597e-08,3.4202814430672746e-06,4.57008251338288e-09,2.2967526547290618e-05,6.129837687107731e-06,0.00012520920972747263,1.0,7.5
1535,1.2206883764966e-05,3.0378538310449343e-06,2.32629688260542e-10,1.49229208294666e-06,1.81383409479083e-08,3.6190566340410513e-06,5.38957650310313e-09,2.4896112535088832e-05,6.656909923075105e-06,0.00012159730977145955,1.0,7.5
1536,1.12911603696712e-05,3.4978838060473194e-06,1.27129476720977e-09,1.53288529621893e-06,1.45655195651944e-08,3.606034939040992e-06,6.16052216296468e-09,2.2605276541298736e-05,7.1039183061616384e-06,0.00012422780855558813,1.0,7.5
1537,7.22799955448503e-06,3.82573361906724e-06,1.1305667521625e-09,7.97031037324972e-07,1.35779773592117e-08,3.7541040860400443e-06,5.47375620522367e-09,2.6685746547627787e-05,7.579837168147918e-06,0.00012108030932722613,1.0,7.5
1538,5.27090831843602e-06,4.103318648085441e-06,4.19697625584454e-16,8.75755517350404e-07,5.73330648906932e-14,4.151781987038472e-06,1.35695609886381e-15,3.800325154657003e-05,8.25510057711476e-06,0.00011239000923524145,1.0,7.5
1539,1.41578589130109e-13,4.17696545007562e-06,2.78017812629016e-16,6.83486470545724e-15,2.7273729065122e-14,4.17696544907642e-06,2.60800597426652e-16,3.856386254597055e-05,8.353930496141082e-06,0.00011204870861547533,1.0,7.5
1540,1.11376628665655e-05,9.118398870411326e-07,3.37572080904824e-11,1.80646128305908e-06,1.40041327401064e-08,2.2132292750720595e-06,2.64057917179322e-09,3.5489465517457575e-06,3.125068633091921e-06,0.00013616990872833412,1.0,7.5
1541,1.24748213443802e-05,1.282872810037805e-06,1.61582306840852e-10,2.15368249634343e-06,1.20266075985564e-08,2.42352464707718e-06,2.24093154174373e-09,5.216854532363868e-06,3.7063969661188523e-06,0.00013604830928670708,1.0,7.5
1542,1.30253565990094e-05,1.7351973580770341e-06,4.46526256455191e-10,2.31018798258772e-06,3.52332048573437e-10,2.664862701062809e-06,6.44429226120103e-09,8.564459534454727e-06,4.400059759102071e-06,0.00013477900938596576,1.0,7.5
1543,1.21964763671368e-05,2.189307821032216e-06,2.32077962824693e-10,2.26140041280592e-06,1.07877351092605e-08,3.0429477930749016e-06,1.80796249298377e-09,1.559374052817475e-05,5.232255144149711e-06,0.00013026360829826444,1.0,7.5
1544,1.16384344799061e-05,2.7095469270488337e-06,2.31798191522023e-09,2.15280252140055e-06,8.98634855655937e-09,3.420280397070652e-06,7.88636749187685e-09,2.296744955287977e-05,6.129827084144779e-06,0.00012520900963863824,1.0,7.5
1545,1.22068587939954e-05,3.0378535180730637e-06,7.75465937947427e-11,1.49228440999351e-06,6.04613541780555e-09,3.6190603940333688e-06,1.796537975805e-09,2.489614755063485e-05,6.65691336709795e-06,0.00012159730977145955,1.0,7.5
1546,1.12697274567627e-05,3.495576282042112e-06,2.11931324191898e-10,1.52839958668285e-06,2.44107667295211e-09,3.603949491060021e-06,1.03448997136863e-09,2.2512046541578457e-05,7.099525335174661e-06,0.00012429670823621564,1.0,7.5
1547,7.22802374181772e-06,3.825728027040398e-06,1.50740652941749e-09,7.97040497680051e-07,1.81039595147829e-08,3.754106107034527e-06,7.29833380737455e-09,2.6685716534302628e-05,7.5798335901211544e-06,0.00012108030932722613,1.0,7.5
1548,5.27090833508156e-06,4.1033186500838426e-06,1.79642982618428e-16,8.75755517200242e-07,7.01133351680913e-14,4.151781988037673e-06,2.80480899736337e-15,3.800325154657003e-05,8.255100571119556e-06,0.00011239020932407584,1.0,7.5
1549,1.23987625721966e-13,4.1769654530732225e-06,2.43810810570625e-16,6.07608581504326e-15,3.44427990902479e-14,4.176965452074022e-06,1.42204549866262e-15,3.856386254597055e-05,8.353930496141082e-06,0.00011204870861547533,1.0,7.5
1550,1.11376627592079e-05,9.118398850427312e-07,3.37572469799355e-11,1.80646128175119e-06,1.40041358941861e-08,2.213229273073658e-06,2.6405795710727e-09,3.5489465517457575e-06,3.1250686340911216e-06,0.00013616990872833412,1.0,7.5
1551,1.24748212674747e-05,1.282872810037805e-06,1.61582368596895e-10,2.15368249441523e-06,1.20266124580318e-08,2.4235246480763806e-06,2.24093122217514e-09,5.216854532363868e-06,3.7063969661188523e-06,0.00013604830928670708,1.0,7.5
1552,1.30253565592379e-05,1.7351973590762348e-06,4.46526059425481e-10,2.31018798178889e-06,3.52331861047119e-10,2.664862701062809e-06,6.44429235803215e-09,8.564459534454727e-06,4.400059763098874e-06,0.00013477900938596576,1.0,7.5
1553,1.21964763158001e-05,2.189307821032216e-06,2.32078007042566e-10,2.26140041279356e-06,1.07877434057517e-08,3.042947799070106e-06,1.80796246781334e-09,1.559374052817475e-05,5.232255147147313e-06,0.00013026360829826444,1.0,7.5
1554,1.16384344105781e-05,2.7095469250504323e-06,2.31798197714046e-09,2.15280251978893e-06,8.98634805964241e-09,3.420280396071451e-06,7.88636776037783e-09,2.296744955287977e-05,6.129827081147177e-06,0.00012520910968305543,1.0,7.5
1555,1.22068586796377e-05,3.0378535150754615e-06,7.75466226768721e-11,1.49228440857836e-06,6.04613568628112e-09,3.619060397086482e-06,1.79653799791933e-09,2.489614755063485e-05,6.656913369096351e-06,0.00012159730977145955,1.0,7.5
1556,1.12697273656377e-05,3.4955762800437107e-06,2.1193133787021e-10,1.52839958605759e-06,2.44108257906213e-09,3.603949492059222e-06,1.03449005812344e-09,2.2512046541578457e-05,7.099525334064438e-06,0.00012429670823621564,1.0,7.5
1557,7.22802366043837e-06,3.825728027040398e-06,1.50740648727887e-09,7.9704049760329e-07,1.81039570522346e-08,3.754106108033728e-06,7.29833389720155e-09,2.6685716534302628e-05,7.57983358412595e-06,0.00012108040937164333,1.0,7.5
1558,5.27090827313675e-06,4.103318649084642e-06,1.43124851163454e-16,8.75755516753659e-07,6.81289470368454e-14,4.151781988037673e-06,2.73216236960916e-15,3.800325154657003e-05,8.255100575116359e-06,0.00011239020932407584,1.0,7.5
1559,1.78575470383135e-13,4.176965455071624e-06,3.14823935286057e-16,7.10228317130079e-15,3.14488832111465e-14,4.176965454072423e-06,1.13778293562997e-15,3.856386254597055e-05,8.353930496141082e-06,0.00011204870861547533,1.0,7.5
1560,1.11541250798499e-05,9.179059170527637e-07,1.69936193073942e-09,1.80354938799081e-06,1.13038851168963e-09,2.2117370880869736e-06,3.1995104797412e-09,3.644123552248857e-06,3.12964248017078e-06,0.0001360990081593627,1.0,7.5
1561,1.24667650130385e-05,1.2771517530763e-06,3.19188760881924e-10,2.15760804903529e-06,9.66567320626055e-09,2.425322557064735e-06,4.21077111883036e-09,5.122418542669038e-06,3.7024738230861942e-06,0.00013612240945803933,1.0,7.5
1562,1.30253644248103e-05,1.7351890810868298e-06,1.06898053074428e-09,2.31020743564922e-06,2.14364065384483e-08,2.664856265044424e-06,1.03412322086727e-08,8.564313532133383e-06,4.400045040098277e-06,0.00013477890934154857,1.0,7.5
1563,1.21965112132197e-05,2.1893036800668675e-06,6.96227742976245e-10,2.26140681526524e-06,3.23630085160849e-08,3.0429455990521603e-06,5.42385749030716e-09,1.559368655534854e-05,5.23224880810691e-06,0.00013026370834268164,1.0,7.5
1564,1.16384630924687e-05,2.709556485069875e-06,2.009965746081e-09,2.15279799196778e-06,1.0704421717932e-08,3.420281445065676e-06,4.57008240975264e-09,2.2967525552530788e-05,6.129837689106132e-06,0.00012520920972747263,1.0,7.5
1565,1.22068837103153e-05,3.037853828047332e-06,2.32629707990481e-10,1.49229208262628e-06,1.8138337999827e-08,3.6190566360394527e-06,5.38957643897511e-09,2.4896111540329002e-05,6.6569099250735064e-06,0.00012159730977145955,1.0,7.5
1566,1.12911603685974e-05,3.4978838050481187e-06,1.27129470238698e-09,1.53288529496228e-06,1.45655261101976e-08,3.6060349400401925e-06,6.16052233351815e-09,2.2605276541298736e-05,7.10391830816004e-06,0.00012422780855558813,1.0,7.5
1567,7.22799951623611e-06,3.825733616069638e-06,1.13056680724357e-09,7.97031037212106e-07,1.35779786089173e-08,3.7541040850408436e-06,5.47375610572017e-09,2.6685746547627787e-05,7.579837162152714e-06,0.00012108030932722613,1.0,7.5
1568,5.27090828466008e-06,4.103318651083043e-06,4.27052412665463e-16,8.75755517327202e-07,5.74045341426507e-14,4.151781990036074e-06,1.33694155735314e-15,3.800325154657003e-05,8.255100574117158e-06,0.00011239000923524145,1.0,7.5
1569,1.67046064480925e-13,4.176965448077219e-06,2.66724322343275e-16,6.81448170461452e-15,2.87740615839346e-14,4.17696545007562e-06,2.655211120417e-16,3.856386254597055e-05,8.353930496141082e-06,0.00011204870861547533,1.0,7.5
1570,1.11846202993772e-05,9.196366640429332e-07,4.40486139179929e-09,1.80347631234338e-06,1.21444370161796e-08,2.21163642605271e-06,4.17851782057735e-09,3.6727715553297458e-06,3.131272565126686e-06,0.0001360657097393414,1.0,7.5
1571,1.24667729320851e-05,1.277161580048869e-06,6.21725564517097e-12,2.1575926614347e-06,1.44416830716445e-08,2.4253094270676456e-06,2.90870622154108e-10,5.122458532014207e-06,3.702470524169499e-06,0.00013612260954687372,1.0,7.5
1572,1.3078218372298e-05,1.737030588033761e-06,2.09166226196927e-09,2.31116907583704e-06,8.7789360859108e-09,2.66571468204857e-06,6.52041098959705e-09,8.634397545392858e-06,4.402744964160377e-06,0.00013457750901579857,1.0,7.5
1573,1.22086717568816e-05,2.1812568510859442e-06,1.39324782383786e-09,2.26831052916568e-06,3.33853809088167e-08,3.041493390032457e-06,4.37380915876921e-09,1.5422566548295435e-05,5.222749763111878e-06,0.00013010720977035817,1.0,7.5
1574,1.16614478744459e-05,2.7115607640348927e-06,2.28027696210384e-09,2.14829937422739e-06,2.64847715316491e-08,3.421998213071209e-06,1.29119112370769e-09,2.3023691539947322e-05,6.133558737131395e-06,0.00012530220919870771,1.0,7.5
1575,1.22069337233589e-05,3.0378544610409897e-06,3.87691347900526e-10,1.49230742692492e-06,3.02304506628366e-08,3.6190491240484235e-06,8.98258787538894e-09,2.4896039548139015e-05,6.656903036139639e-06,0.00012159760808572173,1.0,7.5
1576,1.12911447419147e-05,3.4978886740422155e-06,8.47533008407658e-10,1.53287799770731e-06,9.71031253336671e-09,3.6060344790755927e-06,4.10701642730581e-09,2.2605315535884074e-05,7.103922717077715e-06,0.00012422760846675374,1.0,7.5
1577,7.22798229343046e-06,3.825737606044655e-06,7.53716044157399e-10,7.97024281919004e-07,9.05195922394403e-09,3.7541026460807814e-06,3.64917260718151e-09,2.6685770535550546e-05,7.579839700122548e-06,0.00012108030932722613,1.0,7.5
1578,5.27090827820605e-06,4.103318645032328e-06,6.64208932402459e-16,8.75755515497773e-07,8.8472794628619e-15,4.1517819890368735e-06,2.08335037860542e-15,3.800325453084952e-05,8.255100579113162e-06,0.00011239020932407584,1.0,7.5
1579,1.79173082620609e-13,4.17696544907642e-06,2.73439599549107e-16,6.8772028002928e-15,2.30891288076698e-14,4.17696545007562e-06,8.79555624297076e-16,3.856386254597055e-05,8.353930496141082e-06,0.00011204870861547533,1.0,7.5
1580,1.11847216526304e-05,9.196616900797316e-07,4.3102494482147e-09,1.80349501562309e-06,1.57323473315061e-08,2.2116297230811988e-06,1.09023270180408e-09,3.6728045529343945e-06,3.131290884139659e-06,0.000136065509650507,1.0,7.5
1581,1.24818282474076e-05,1.279194857040089e-06,2.0721488075108e-09,2.15978171586472e-06,3.76029796910393e-08,2.428083442085338e-06,3.44951216298595e-09,5.174061556090237e-06,3.7072778120705863e-06,0.00013623030827147886,1.0,7.5
1582,1.30944229467804e-05,1.738781094051678e-06,8.601619610336e-10,2.31895512067045e-06,2.61185829662167e-08,2.6710411530350697e-06,6.72783007682655e-09,8.728458539053463e-06,4.409821941164793e-06,0.00013452430903271306,1.0,7.5
1583,1.21966747430621e-05,2.178675159059118e-06,2.35784698526846e-09,2.25978118985649e-06,5.52971219615545e-09,3.0372721940841174e-06,5.81018431612593e-09,1.5326496537682033e-05,5.215946880077205e-06,0.00013016540833632462,1.0,7.5
1584,1.16615448276446e-05,2.7115683540746005e-06,1.97263030873861e-09,2.14831749173393e-06,4.61511235332626e-08,3.421990805052566e-06,4.61699857738759e-09,2.3023653540121813e-05,6.133558915100146e-06,0.00012530210915429052,1.0,7.5
1585,1.22297538142813e-05,3.0403081880403526e-06,2.70898183765657e-09,1.49603945129778e-06,2.14054780434673e-08,3.6212545050373635e-06,3.04267054645971e-09,2.4989280547060844e-05,6.661562151122347e-06,0.00012152990893810056,1.0,7.5
1586,1.1291135411747e-05,3.4978915910421904e-06,4.23768458720284e-10,1.53287362131716e-06,4.85518595945043e-09,3.6060342070709517e-06,2.053509937337e-09,2.2605337534287173e-05,7.103925365070651e-06,0.00012422750842233654,1.0,7.5
1587,7.22797191690877e-06,3.82574000906688e-06,3.76859847955838e-10,7.9702022587623e-07,4.52595148963113e-09,3.7541017750553074e-06,1.82458797408457e-09,2.6685784547453295e-05,7.579841238114504e-06,0.00012108040937164333,1.0,7.5
1588,5.27090828680811e-06,4.103318648085441e-06,2.03576322059572e-16,8.75755516966108e-07,2.90085338562618e-14,4.1517819890368735e-06,1.29372424231833e-15,3.800325254132986e-05,8.25510057811396e-06,0.00011239020932407584,1.0,7.5
1589,1.53955841131204e-13,4.176965454072423e-06,8.9679613290549e-18,6.8101991060332e-15,8.67327856670513e-15,4.176965456070825e-06,3.15186041871009e-16,3.856386254597055e-05,8.353930496141082e-06,0.00011204870861547533,1.0,7.5
1590,1.11325988910114e-05,9.195083210400412e-07,1.94613231169964e-17,1.79164747938503e-06,5.83842869883444e-16,2.2118098220724747e-06,5.93482104823198e-17,3.7628835514169623e-06,3.1313176150904454e-06,0.00013597320867120288,1.0,7.5
1591,1.25328898597776e-05,1.2831720820338788e-06,5.00689678538714e-17,2.17527742184097e-06,2.81125491809198e-15,2.4281002430348586e-06,1.43873628288826e-16,5.108103550810483e-06,3.7112718280774004e-06,0.00013646800834976602,1.0,7.5
1592,1.30953204366573e-05,1.7335911080551547e-06,1.59509009462194e-17,2.32398204770357e-06,6.57297567069337e-17,2.6729364360766894e-06,2.09616937522916e-16,8.634911552007907e-06,4.406527236100466e-06,0.0001346008084510686,1.0,7.5
1593,1.22249439689682e-05,2.181136896040048e-06,3.05935595054044e-17,2.26309862162474e-06,2.77382283808691e-15,3.0401677220681655e-06,4.29903102049448e-17,1.541949853844926e-05,5.221304141156402e-06,0.0001301025095017394,1.0,7.5
1594,1.16048367130835e-05,2.716193911067588e-06,3.02433113817148e-17,2.14341885063511e-06,1.26892311762272e-16,3.422649788087373e-06,2.52292151471482e-16,2.31397055472371e-05,6.138843445135933e-06,0.00012536060967249796,1.0,7.5
1595,1.22670117943661e-05,3.039576502050778e-06,4.21441242906377e-17,1.50587688495138e-06,1.05525397448014e-15,3.6202512980754165e-06,8.25433607099316e-17,2.4898935549799717e-05,6.65982726610892e-06,0.00012161160884716082,1.0,7.5
1596,1.12911322992099e-05,3.4978925620432477e-06,1.45693902092476e-17,1.53287215876323e-06,1.1154543001074e-15,3.6060341130350615e-06,4.32647488798552e-17,2.2605343531267863e-05,7.103926231155633e-06,0.00012422760846675374,1.0,7.5
1597,7.2279685364501e-06,3.825740802043676e-06,1.03626857800038e-16,7.9701888239215e-07,2.01420369098926e-15,3.754101487063455e-06,8.50624366950659e-17,2.6685789549674155e-05,7.579841742155757e-06,0.00012108030932722613,1.0,7.5
1598,5.27090831632443e-06,4.103318648085441e-06,1.9923485468842e-17,8.75755517755895e-07,3.74038907485774e-15,4.151781988037673e-06,7.79151726861341e-17,3.800325353608969e-05,8.255100581111563e-06,0.00011239030936849304,1.0,7.5
1599,1.48513146225326e-13,4.176965448077219e-06,1.77792215628678e-18,6.69521946564111e-15,1.95183496101703e-16,4.17696544907642e-06,2.20719845395526e-17,3.856386254597055e-05,8.353930496141082e-06,0.00011204870861547533,1.0,7.5
1600,1.48695677531989e-05,1.0235301060590452e-06,3.37611980303395e-17,1.79147369201076e-06,8.35784349714763e-17,2.291881045057842e-06,1.25511648058248e-16,1.3743449528647034e-05,3.31541062614793e-06,0.00010162470971408766,1.0,8.0
1601,1.46794259657975e-05,1.3013562140673507e-06,4.51107306297622e-17,2.07195932621087e-06,3.40596013849101e-15,2.6802470580733484e-06,6.61719079054005e-17,2.0473375542451322e-05,3.981602779146165e-06,9.781480912351981e-05,1.0,8.0
1602,1.34964725426269e-05,1.61942972803919e-06,6.47788828143019e-17,2.10081396440317e-06,4.91529831159881e-16,2.911707423058907e-06,1.06256048068316e-16,2.3181375553349426e-05,4.5311368440659194e-06,9.603350918041542e-05,1.0,8.0
1603,1.23311447353485e-05,2.022662931033814e-06,3.34472135047042e-19,2.09557713517399e-06,1.75587219460385e-15,3.134016467065681e-06,7.24467279786603e-17,2.6048699538705478e-05,5.156678920092972e-06,9.463690912525635e-05,1.0,8.0
1604,1.30482183977681e-05,2.6384760240527605e-06,3.01146682528505e-17,2.31160336300196e-06,7.79128009938818e-16,3.277840878057603e-06,1.95254646869272e-16,2.7205164542465354e-05,5.916316651144449e-06,9.580340883985627e-05,1.0,8.0
1605,1.11786306961742e-05,2.9936581710798826e-06,2.68848257458515e-18,2.20307175504401e-06,2.05282839338405e-15,3.5835161230624024e-06,1.54511515073393e-16,3.385534455446759e-05,6.5771737620679005e-06,9.06947097973898e-05,1.0,8.0
1606,7.80199169576196e-06,3.330993957051387e-06,4.10493342063115e-18,1.80874336259111e-06,2.29386008885474e-15,3.795313048060578e-06,4.59744072781217e-17,3.7614360536508684e-05,7.126306555083062e-06,8.820170842227526e-05,1.0,8.0
1607,3.43147200841925e-06,3.607054366083773e-06,1.04416716023353e-16,1.17509749152214e-06,4.64477631703653e-15,3.9291557740739336e-06,2.48502526065467e-17,3.900791753608246e-05,7.53620959015322e-06,8.783690827840474e-05,1.0,8.0
1608,7.3496105480091e-07,3.7452520740832718e-06,1.21496288371789e-17,5.45396954675093e-07,2.69309721008179e-15,4.063018918032402e-06,5.18252873612807e-17,3.796204754280552e-05,7.808270935161232e-06,8.942830936575774e-05,1.0,8.0
1609,1.49871868387885e-13,3.817907556047384e-06,1.26080854198803e-17,6.65689291884375e-15,6.09450369944836e-16,3.817907556047384e-06,6.67559371225323e-17,2.6820088550039145e-05,7.635814689099796e-06,8.280370821012184e-05,1.0,8.0
1610,1.48321097348842e-05,1.0199940750355019e-06,1.76296219097865e-09,1.7853160961122e-06,3.81321017935089e-09,2.289957112044938e-06,4.97435723986703e-09,1.3611591555218183e-05,3.3099506691058878e-06,0.00010173420923820231,1.0,8.0
1611,1.46794492854117e-05,1.3013556130481163e-06,3.94168551968268e-11,2.07196308701672e-06,2.44461384013196e-08,2.6802457220864717e-06,3.4555902091715e-09,2.0473343539606503e-05,3.981600849134459e-06,9.781470907910261e-05,1.0,8.0
1612,1.35097162421891e-05,1.622290373037849e-06,1.73905588400332e-09,2.1004116355891e-06,1.2328532436579e-08,2.909797830075167e-06,4.0336024794935e-09,2.3242614531682193e-05,4.5320879000776415e-06,9.597240932635032e-05,1.0,8.0
1613,1.23732579745744e-05,2.02438638907676e-06,2.94694353454263e-09,2.10222274803836e-06,1.00299249516784e-08,3.1344231370411535e-06,8.9411152307396e-10,2.599655854851335e-05,5.158809050165303e-06,9.470860823057592e-05,1.0,8.0
1614,1.30749776293222e-05,2.6381427580823846e-06,1.02946350310296e-09,2.31700213701159e-06,5.02128353673193e-09,3.2799659190341224e-06,2.08484029253597e-09,2.726890954818373e-05,5.918108433089486e-06,9.574450814398006e-05,1.0,8.0
1615,1.1178643663005e-05,2.9936579110656503e-06,3.54713228855991e-11,2.20307290234165e-06,1.3596430223001e-08,3.5835161580344277e-06,1.16476668791566e-09,3.385533852906519e-05,6.577173526145508e-06,9.0694809841807e-05,1.0,8.0
1616,7.80200468816208e-06,3.330994094052908e-06,1.45370123703495e-10,1.80874442137291e-06,1.28696116269224e-08,3.7953128540491043e-06,8.86610524607938e-10,3.7614359541748854e-05,7.1263065091198285e-06,8.820160837785807e-05,1.0,8.0
1617,3.43148491139004e-06,3.607054812060362e-06,2.65908041448519e-10,1.17509847055659e-06,1.26695999927009e-08,3.929155308057819e-06,8.33097715161087e-10,3.900791455180297e-05,7.5362095701692056e-06,8.783700832282193e-05,1.0,8.0
1618,7.34949336685282e-07,3.7452531300719016e-06,5.32332674361477e-10,5.45397707030898e-07,1.14254149293956e-08,4.063017864042173e-06,6.19658856757301e-10,3.796204555328586e-05,7.808270936160433e-06,8.942810927692335e-05,1.0,8.0
1619,1.40431503231619e-13,3.817907560044187e-06,1.25953799256714e-18,6.73506389547995e-15,5.23186501717385e-15,3.817907559044986e-06,3.82038964266002e-16,2.6820088550039145e-05,7.635814689099796e-06,8.280370821012184e-05,1.0,8.0
1620,1.48455637171904e-05,1.0206702550363822e-06,2.67311967354747e-10,1.78644862684107e-06,4.97635478305522e-09,2.2911922840651577e-06,1.3636793319401e-09,1.3638502537105524e-05,3.31186201207867e-06,0.00010182460937357973,1.0,8.0
1621,1.46515702038124e-05,1.301192638081261e-06,1.93891543958567e-09,2.0679656252078e-06,4.08777280468261e-08,2.6777597900706773e-06,1.72774275761207e-09,2.0409240534036144e-05,3.978951954142218e-06,9.786720875126775e-05,1.0,8.0
1622,1.34884055630267e-05,1.623396538086297e-06,2.24770241925615e-09,2.09534629452992e-06,5.02789126895085e-08,2.908947873081491e-06,3.03163171671511e-09,2.3325729529233286e-05,4.532344108132413e-06,9.598790893505793e-05,1.0,8.0
1623,1.23633611531797e-05,2.0216001160866526e-06,1.50100867434946e-09,2.10283856882105e-06,2.56834091438379e-08,3.1366138010802125e-06,5.27614094421222e-09,2.593632453340433e-05,5.158213435163539e-06,9.477130879531614e-05,1.0,8.0
1624,1.30765713497738e-05,2.636553225077165e-06,7.78378521908115e-10,2.31852719692093e-06,3.77780633892841e-08,3.2832373410562887e-06,4.52612218300593e-09,2.724026754208353e-05,5.9197903171659405e-06,9.589250839781016e-05,1.0,8.0
1625,1.11722498680141e-05,2.992505861054706e-06,6.50263272199487e-10,2.20250215213777e-06,9.40496688881187e-09,3.5827045360425913e-06,5.29299469016623e-09,3.382407155072542e-05,6.575209849146724e-06,9.061200944415759e-05,1.0,8.0
1626,7.80204379122488e-06,3.330994508055074e-06,2.90741689210591e-10,1.80874758929077e-06,2.57391076737665e-08,3.7953122620781876e-06,1.77321447032876e-09,3.7614349537307135e-05,7.126306327154275e-06,8.820160837785807e-05,1.0,8.0
1627,3.43930603518075e-06,3.6049220430434126e-06,3.78887201712843e-10,1.1771749140914e-06,1.49702473302158e-08,3.9316487450702375e-06,5.1238494999203e-09,3.8950547548211034e-05,7.536570234112361e-06,8.790260835667141e-05,1.0,8.0
1628,7.34380132604712e-07,3.7465190450558516e-06,8.76751024193284e-10,5.4575351983037e-07,6.45261854882116e-09,4.063726799063971e-06,4.28731603502508e-09,3.799430953677074e-05,7.810245790107473e-06,8.950930896389764e-05,1.0,8.0
1629,1.37198412353268e-13,3.817907560044187e-06,1.95338291372814e-16,6.25741862839146e-15,2.02559255718486e-14,3.817907560044187e-06,1.06612818345699e-15,2.6820088550039145e-05,7.635814689099796e-06,8.280370821012184e-05,1.0,8.0
1630,1.48317298145688e-05,1.0235174010553294e-06,1.64264669023727e-09,1.77719414917667e-06,2.79381429366311e-08,2.2899429540368388e-06,4.93558879481048e-10,1.3749763553505545e-05,3.3134598300677e-06,0.00010180030949413776,1.0,8.0
1631,1.4627961938356e-05,1.302775676059742e-06,8.09600539122192e-10,2.06257820965047e-06,1.96852008099512e-08,2.6750032550704184e-06,5.82679893618065e-10,2.04653095465801e-05,3.977778453068126e-06,9.779680840438232e-05,1.0,8.0
1632,1.34614110082871e-05,1.6232949360817095e-06,2.37089798733788e-10,2.09107575294315e-06,3.61170206208657e-08,2.906713761074986e-06,4.85328732708961e-09,2.326175055600288e-05,4.530008398173635e-06,9.604260958440136e-05,1.0,8.0
1633,1.23633126901683e-05,2.0215965870762354e-06,1.2260780748823e-09,2.10282352063179e-06,3.26198947807864e-09,3.1366172970614947e-06,2.42690741803242e-09,2.593638055259362e-05,5.158213405076495e-06,9.477120875089895e-05,1.0,8.0
1634,1.30765205058631e-05,2.6365564520514084e-06,4.6703183670082e-10,2.31852196968442e-06,2.26668645185966e-08,3.2832368860868932e-06,2.71567670477344e-09,2.7240310544129898e-05,5.919793099162796e-06,9.589250839781016e-05,1.0,8.0
1635,1.11722746128375e-05,2.9925012570708454e-06,6.85556106853168e-10,2.20251308800912e-06,2.30062054886474e-08,3.5827060040349856e-06,6.46147069603752e-09,3.382401354201647e-05,6.575206720094151e-06,9.06118093553232e-05,1.0,8.0
1636,7.80045760283158e-06,3.333413783057626e-06,2.41384575686788e-10,1.80731147988517e-06,2.12192608233972e-09,3.7926904730700706e-06,4.33050516167923e-09,3.76722455541767e-05,7.126103816146312e-06,8.813650856609456e-05,1.0,8.0
1637,3.43644578042765e-06,3.6036793880644957e-06,4.14172613706692e-10,1.17679379761914e-06,1.90043097313651e-08,3.93091973605042e-06,1.25385620638191e-09,3.8918504543516974e-05,7.534598580161145e-06,8.782110853644554e-05,1.0,8.0
1638,7.12473408534531e-07,3.745666047050289e-06,8.03863007303745e-10,5.49786970306817e-07,1.70804867571551e-08,4.065035608069589e-06,9.18304407807162e-10,3.7937250539243905e-05,7.810701599164638e-06,8.95752091309987e-05,1.0,8.0
1639,1.43354945969509e-13,3.817907557046585e-06,3.05773388244645e-16,6.83486470545724e-15,4.1484583780324e-14,3.817907557046585e-06,2.05289446195394e-16,2.6820088550039145e-05,7.635814689099796e-06,8.280370821012184e-05,1.0,8.0
1640,1.48022842053936e-05,1.0233607280474288e-06,1.76336087349097e-10,1.77329166134312e-06,1.11100228994388e-08,2.287137790046856e-06,1.89394946928495e-09,1.368603454920958e-05,3.310497995068218e-06,0.00010184940947510768,1.0,8.0
1641,1.46324019456721e-05,1.3048779830548973e-06,3.12869767600539e-11,2.06141878339597e-06,1.2189083853229e-08,2.672307068074531e-06,1.72712804199723e-09,2.049931055125853e-05,3.977184562131697e-06,9.764870810613502e-05,1.0,8.0
1642,1.34613615946725e-05,1.6232946010719118e-06,7.90324095761316e-11,2.09106865845806e-06,1.20390583019749e-08,2.9067168760832374e-06,1.61777252176954e-09,2.3261806546770458e-05,4.530011178172089e-06,9.604270962881856e-05,1.0,8.0
1643,1.23273321182605e-05,2.0206445730530653e-06,1.35160068826369e-10,2.09732250376865e-06,1.12239248602458e-08,3.1335704550605747e-06,1.43393129807857e-09,2.5842547529464355e-05,5.154214552161029e-06,9.474290891375858e-05,1.0,8.0
1644,1.30764950944952e-05,2.6365580660381305e-06,1.55678069960225e-10,2.31851935698785e-06,7.5556338939315e-09,3.283236661044686e-06,9.05228181808185e-10,2.7240334532052657e-05,5.919794488162822e-06,9.589240835339297e-05,1.0,8.0
1645,1.11437697531973e-05,2.9933720620545223e-06,3.12948028251071e-10,2.19596448092828e-06,3.34227682830733e-08,3.5802686420560725e-06,6.49577114133663e-09,3.376050054271218e-05,6.573640159102112e-06,9.067210885405075e-05,1.0,8.0
1646,7.795760304595e-06,3.3322116270717572e-06,6.81153560980157e-11,1.80683898255609e-06,6.42807140731393e-09,3.7919256060670037e-06,4.42406200468044e-10,3.7640550544892903e-05,7.124136789160573e-06,8.805410834611394e-05,1.0,8.0
1647,3.43641985584573e-06,3.603678451036263e-06,1.38058991279266e-10,1.17679180982623e-06,6.33477507678681e-09,3.930920718042685e-06,4.17954412120217e-10,3.8918510540497664e-05,7.534598621128374e-06,8.782110853644554e-05,1.0,8.0
1648,7.12496811377562e-07,3.7456639200850184e-06,2.67957322228633e-10,5.49785476629131e-07,5.69348928838528e-09,4.06503773503486e-06,3.0610155926941e-10,3.7937252528763565e-05,7.810701594168634e-06,8.95753091754159e-05,1.0,8.0
1649,1.24875804141666e-13,3.817907559044986e-06,2.85444173994068e-16,6.07608581504326e-15,3.79955127690484e-14,3.8179075580457855e-06,1.42204549866262e-15,2.6820088550039145e-05,7.635814689099796e-06,8.280370821012184e-05,1.0,8.0
1650,1.48022840891542e-05,1.0233607260490274e-06,1.76336070727399e-10,1.77329165959114e-06,1.11100269416969e-08,2.2871377880484545e-06,1.89394981305327e-09,1.368603454920958e-05,3.310497995068218e-06,0.00010184940947510768,1.0,8.0
1651,1.46324018794247e-05,1.304877984054098e-06,3.12869968827327e-11,2.0614187816343e-06,1.2189087824526e-08,2.6723070700729323e-06,1.72712794447325e-09,2.049931055125853e-05,3.977184561132496e-06,9.764870810613502e-05,1.0,8.0
1652,1.34613615611183e-05,1.6232946020711125e-06,7.90325372169029e-11,2.09106865760372e-06,1.20390581144486e-08,2.9067168760832374e-06,1.61777278513411e-09,2.3261806546770458e-05,4.53001118017049e-06,9.604270962881856e-05,1.0,8.0
1653,1.23273320660356e-05,2.0206445730530653e-06,1.35160024608496e-10,2.09732250403384e-06,1.12239340449154e-08,3.133570461055779e-06,1.43393121739699e-09,2.5842547529464355e-05,5.154214556157832e-06,9.474290891375858e-05,1.0,8.0
1654,1.30764950287199e-05,2.636558064039729e-06,1.55677897017696e-10,2.31851935559828e-06,7.55563661129451e-09,3.2832366600454854e-06,9.05227857796059e-10,2.7240334532052657e-05,5.9197944851652196e-06,9.589240835339297e-05,1.0,8.0
1655,1.11437696423923e-05,2.99337205905692e-06,3.12948043255413e-10,2.1959644798462e-06,3.34227662382409e-08,3.580268644054474e-06,6.49577106371114e-09,3.376050054271218e-05,6.573640160101313e-06,9.067200880963355e-05,1.0,8.0
1656,7.79576022235176e-06,3.3322116250733558e-06,6.81153701752798e-11,1.80683898148674e-06,6.42807331662106e-09,3.7919256060670037e-06,4.42406120689399e-10,3.7640550544892903e-05,7.124136788161373e-06,8.805410834611394e-05,1.0,8.0
1657,3.43641978245999e-06,3.6036784500370622e-06,1.38058990774011e-10,1.17679180944416e-06,6.3347775393352e-09,3.9309207170434846e-06,4.17954266782069e-10,3.8918510540497664e-05,7.53459861513317e-06,8.782110853644554e-05,1.0,8.0
1658,7.12496876875083e-07,3.7456639200850184e-06,2.67957327343865e-10,5.49785476238059e-07,5.69348949641657e-09,4.06503773503486e-06,3.06101631916038e-10,3.7937252528763565e-05,7.810701597166236e-06,8.95753091754159e-05,1.0,8.0
1659,1.80351827222536e-13,3.817907561043388e-06,3.56457298709501e-16,7.10228317130079e-15,3.14488832111465e-14,3.817907561043388e-06,1.24880523809249e-15,2.6820088550039145e-05,7.635814689099796e-06,8.280370821012184e-05,1.0,8.0
1660,1.48317298392388e-05,1.0235173980577272e-06,1.64264658998229e-09,1.77719414478077e-06,2.7938136852861e-08,2.2899429550360395e-06,4.9355903712235e-10,1.3749763553505545e-05,3.313459833065302e-06,0.00010180030949413776,1.0,8.0
1661,1.46279619482294e-05,1.302775676059742e-06,8.09600499877813e-10,2.062578208039e-06,1.96852028566674e-08,2.6750032590672213e-06,5.82679906167705e-10,2.04653095465801e-05,3.977778453068126e-06,9.779680840438232e-05,1.0,8.0
1662,1.3461410985447e-05,1.623294938080111e-06,2.37089665694187e-10,2.0910757537381e-06,3.6117021484365e-08,2.906713764072588e-06,4.85328738786931e-09,2.326175155076271e-05,4.530008392067408e-06,9.604260958440136e-05,1.0,8.0
1663,1.23633126214609e-05,2.0215965830794325e-06,1.22607805767387e-09,2.10282351904826e-06,3.26199180858476e-09,3.1366172980606954e-06,2.42690774637966e-09,2.593638055259362e-05,5.158213407074896e-06,9.477120875089895e-05,1.0,8.0
1664,1.30765204438903e-05,2.63655645404981e-06,4.67031930333959e-10,2.31852196884265e-06,2.26668634218042e-08,3.2832368880852947e-06,2.71567686391484e-09,2.7240310544129898e-05,5.919793101161197e-06,9.589250839781016e-05,1.0,8.0
1665,1.11722745706213e-05,2.992501254073243e-06,6.85556154338682e-10,2.20251308702261e-06,2.30062102130854e-08,3.582706007032588e-06,6.46147070465439e-09,3.382401354201647e-05,6.5752067220925525e-06,9.06118093553232e-05,1.0,8.0
1666,7.80045760442232e-06,3.333413783057626e-06,2.41384640509584e-10,1.80731147879506e-06,2.12192175778252e-09,3.7926904760676727e-06,4.33050504663691e-09,3.76722455541767e-05,7.126103817145513e-06,8.813650856609456e-05,1.0,8.0
1667,3.43644573773784e-06,3.6036793860660943e-06,4.1417268266555e-10,1.17679379772832e-06,1.90043075934811e-08,3.930919735051219e-06,1.25385636139656e-09,3.8918504543516974e-05,7.534598575165141e-06,8.782110853644554e-05,1.0,8.0
1668,7.12473438757751e-07,3.745666050047891e-06,8.03862986902956e-10,5.49786970255859e-07,1.70804884620427e-08,4.0650356110671915e-06,9.18304483332855e-10,3.7937250539243905e-05,7.810701596167036e-06,8.95752091309987e-05,1.0,8.0
1669,1.67934242900625e-13,3.817907556047384e-06,2.80602110151089e-16,6.81448170461452e-15,3.8544024200636e-14,3.8179075580457855e-06,1.54498809579184e-16,2.6820088550039145e-05,7.635814689099796e-06,8.280370821012184e-05,1.0,8.0
1670,1.48455636114332e-05,1.02067025203878e-06,2.67311798201949e-10,1.78644862508318e-06,4.9763602081996e-09,2.2911922820667563e-06,1.3636795692025e-09,1.3638502537105524e-05,3.3118620150762723e-06,0.00010182460937357973,1.0,8.0
1671,1.46515702458163e-05,1.3011926390804618e-06,1.9389154520362e-09,2.06796562486447e-06,4.087772731419e-08,2.6777597920690788e-06,1.72774298744599e-09,2.0409240534036144e-05,3.978951950145415e-06,9.786720875126775e-05,1.0,8.0
1672,1.3488405547191e-05,1.6233965390854976e-06,2.24770251213474e-09,2.09534629452389e-06,5.02789123035325e-08,2.9089478760790932e-06,3.03163189064909e-09,2.3325729529233286e-05,4.532344107133213e-06,9.598790893505793e-05,1.0,8.0
1673,1.23633611399622e-05,2.0216001160866526e-06,1.50100884382477e-09,2.10283856781035e-06,2.56834045096868e-08,3.136613802079413e-06,5.27614103465416e-09,2.593632453340433e-05,5.15821343616274e-06,9.477130879531614e-05,1.0,8.0
1674,1.3076571294669e-05,2.6365532230787636e-06,7.78378602832055e-10,2.31852719589936e-06,3.77780622786545e-08,3.283237340057088e-06,4.5261219469226e-09,2.724026853684336e-05,5.919790322161944e-06,9.589250839781016e-05,1.0,8.0
1675,1.11722498354573e-05,2.992505861054706e-06,6.50263312071869e-10,2.20250215128754e-06,9.40497760995183e-09,3.5827045350433906e-06,5.2929946740167e-09,3.382407155072542e-05,6.5752098461491215e-06,9.061200944415759e-05,1.0,8.0
1676,7.80204374357073e-06,3.3309945070558733e-06,2.90741743824947e-10,1.80874758743489e-06,2.57391050488656e-08,3.7953122630773883e-06,1.77321427577292e-09,3.7614349537307135e-05,7.126306329152676e-06,8.820160837785807e-05,1.0,8.0
1677,3.43930602560638e-06,3.6049220430434126e-06,3.78887140131218e-10,1.17717491361483e-06,1.497024011689e-08,3.931648746069438e-06,5.12384947939076e-09,3.8950546553451204e-05,7.53657023311316e-06,8.790260835667141e-05,1.0,8.0
1678,7.34380158988121e-07,3.746519040059848e-06,8.76751044838442e-10,5.45753519601495e-07,6.45262329004403e-09,4.063726799063971e-06,4.28731603165388e-09,3.799430953677074e-05,7.810245789108272e-06,8.950930896389764e-05,1.0,8.0
1679,1.78284904200909e-13,3.817907557046585e-06,2.73439599549107e-16,6.84944722467717e-15,1.6871879869769e-14,3.8179075580457855e-06,9.90577926759592e-16,2.6820088550039145e-05,7.635814689099796e-06,8.280370821012184e-05,1.0,8.0
1680,1.48321096247248e-05,1.0199940740363012e-06,1.7629621243179e-09,1.78531609658632e-06,3.81320743421875e-09,2.2899571170409416e-06,4.9743572793286e-09,1.3611591555218183e-05,3.309950668106687e-06,0.00010173420923820231,1.0,8.0
1681,1.46794492996543e-05,1.3013556130481163e-06,3.94169913069126e-11,2.07196308949386e-06,2.4446137264581e-08,2.680245721087271e-06,3.45559024546771e-09,2.0473344534366333e-05,3.981600848135258e-06,9.781470907910261e-05,1.0,8.0
1682,1.35097162309865e-05,1.6222903740370498e-06,1.73905590768149e-09,2.10041163569493e-06,1.23285294227003e-08,2.9097978310743677e-06,4.03360218048833e-09,2.3242615554863733e-05,4.53208789807924e-06,9.597240932635032e-05,1.0,8.0
1683,1.23732579684374e-05,2.02438638907676e-06,2.94694339947295e-09,2.10222274634221e-06,1.00299267144895e-08,3.1344231370411535e-06,8.94111656059827e-10,2.599655755375352e-05,5.158809047167701e-06,9.470860823057592e-05,1.0,8.0
1684,1.30749775993577e-05,2.638142756083983e-06,1.02946357030677e-09,2.31700213565366e-06,5.02127967047376e-09,3.2799659220872357e-06,2.08484020551688e-09,2.726890954818373e-05,5.918108433089486e-06,9.574450814398006e-05,1.0,8.0
1685,1.11786436464878e-05,2.9936579110656503e-06,3.54712441915796e-11,2.20307290297233e-06,1.35964317715128e-08,3.5835161590336284e-06,1.1647667410026e-09,3.385533852906519e-05,6.577173526145508e-06,9.0694809841807e-05,1.0,8.0
1686,7.80200468784766e-06,3.330994095052109e-06,1.45370138641345e-10,1.80874442013313e-06,1.28696106389093e-08,3.7953128530499036e-06,8.86610637927394e-10,3.7614359541748854e-05,7.126306510119029e-06,8.820160837785807e-05,1.0,8.0
1687,3.43148490414497e-06,3.607054815057964e-06,2.65907977120602e-10,1.1750984704768e-06,1.26695910301233e-08,3.929155305060217e-06,8.33097917361404e-10,3.900791352862143e-05,7.5362095701692056e-06,8.783700832282193e-05,1.0,8.0
1688,7.34949347519932e-07,3.745253129072701e-06,5.32332654773205e-10,5.45397707358002e-07,1.14254111410034e-08,4.063017865041374e-06,6.19658807284647e-10,3.796204555328586e-05,7.808270937159634e-06,8.942810927692335e-05,1.0,8.0
1689,1.53067662711504e-13,3.817907561043388e-06,3.67235369446838e-17,6.8101991060332e-15,6.89692172730488e-15,3.817907563041789e-06,3.15186041871009e-16,2.6820088550039145e-05,7.635814689099796e-06,8.280370821012184e-05,1.0,8.0
1690,1.4869567753367e-05,1.0235301060590452e-06,5.58353530918194e-18,1.7914736917341e-06,3.04335549816681e-16,2.291881045057842e-06,5.16740919801958e-17,1.3743449528647034e-05,3.31541062614793e-06,0.00010162470971408766,1.0,8.0
1691,1.46794259606442e-05,1.3013562140673507e-06,2.23133922382425e-17,2.0719593266506e-06,2.36716570824191e-15,2.6802470580733484e-06,8.83624770575686e-17,2.0473375542451322e-05,3.981602780145366e-06,9.781480912351981e-05,1.0,8.0
1692,1.34964725455216e-05,1.61942972803919e-06,5.34380380928529e-17,2.10081396441265e-06,8.22448662993192e-16,2.911707423058907e-06,1.54105786291658e-16,2.3181375553349426e-05,4.5311368440659194e-06,9.603350918041542e-05,1.0,8.0
1693,1.23311447291542e-05,2.022662931033814e-06,1.671577169759e-17,2.09557713510875e-06,1.88564441838679e-15,3.134016467065681e-06,1.25208410263131e-17,2.6048699538705478e-05,5.156678920092972e-06,9.463690912525635e-05,1.0,8.0
1694,1.30482183983678e-05,2.6384760240527605e-06,1.13900520417286e-17,2.31160336295203e-06,1.90324915116252e-15,3.277840878057603e-06,2.52292151471482e-16,2.7205164542465354e-05,5.916316651144449e-06,9.580340883985627e-05,1.0,8.0
1695,1.11786306846843e-05,2.9936581710798826e-06,5.10760867194343e-19,2.20307175495435e-06,2.49745970432036e-15,3.5835161230624024e-06,1.38054511941189e-16,3.385534455446759e-05,6.5771737620679005e-06,9.06947097973898e-05,1.0,8.0
1696,7.80199169076595e-06,3.330993957051387e-06,6.91602401433136e-19,1.80874336275509e-06,1.1154543001074e-15,3.795313048060578e-06,4.32647488798552e-17,3.7614360536508684e-05,7.126306555083062e-06,8.820170842227526e-05,1.0,8.0
1697,3.43147201040724e-06,3.607054366083773e-06,1.73015796839111e-16,1.17509749158996e-06,2.01420369098926e-15,3.9291557740739336e-06,8.50624366950659e-17,3.900791753608246e-05,7.536209589154019e-06,8.783690827840474e-05,1.0,8.0
1698,7.34961055281428e-07,3.7452520740832718e-06,7.83209014678689e-18,5.45396954805956e-07,1.96403223545749e-15,4.063018918032402e-06,2.24040214548762e-17,3.796204754280552e-05,7.808270935161232e-06,8.942830936575774e-05,1.0,8.0
1699,1.49401324645027e-13,3.817907556047384e-06,2.59776534593421e-17,6.69521946564111e-15,1.08336191580183e-15,3.817907557046585e-06,2.20719845395526e-17,2.6820088550039145e-05,7.635814689099796e-06,8.280370821012184e-05,1.0,8.0
1700,1.25441402155572e-05,7.648471320731431e-07,1.03150137069412e-16,1.93052578596113e-06,8.35784349714763e-17,2.255831904052208e-06,1.25511648058248e-16,1.9869533531391426e-05,3.0206785121000834e-06,7.789460869389586e-05,1.0,8.5
1701,1.27717200134776e-05,1.0778685070600424e-06,4.51107306297622e-17,2.11849360175489e-06,5.18231697789126e-15,2.4737718300471556e-06,1.06607566741426e-17,2.3057672535742313e-05,3.5516398391166604e-06,7.571640890091658e-05,1.0,8.5
1702,1.38643962039421e-05,1.5336490500339472e-06,4.61005622477033e-18,2.35581897284584e-06,4.91529831159881e-16,2.6967621030715705e-06,1.61767199299574e-16,2.6690889541214347e-05,4.230410843075738e-06,7.378820919257123e-05,1.0,8.5
1703,1.40338415508905e-05,1.955255172048087e-06,1.35433156727674e-17,2.45666175732089e-06,2.0484644796398e-17,2.9365446240769977e-06,1.27957879209918e-16,3.175279755396332e-05,4.8917993100694446e-06,6.979530917305965e-05,1.0,8.5
1704,1.21892051274746e-05,2.3612020840779735e-06,4.3992456060665e-17,2.15092205063528e-06,1.88540724916156e-15,3.113717900071755e-06,2.5076579810053e-16,3.5081127549574376e-05,5.474919726133898e-06,6.63270093355095e-05,1.0,8.5
1705,1.02520550408608e-05,2.7466369640349875e-06,1.11893052332293e-17,1.64323932707304e-06,2.76471553983804e-16,3.325842974077897e-06,1.54511515073393e-16,3.8760961530215354e-05,6.0724794090916134e-06,6.430990833905526e-05,1.0,8.5
1706,7.96023081712366e-06,3.127215818077289e-06,4.10493342063115e-18,1.33410421832551e-06,2.29386008885474e-15,3.4821506810778224e-06,4.59744072781217e-17,4.0780376536986296e-05,6.60936605112461e-06,6.333640885713976e-05,1.0,8.5
1707,9.14671618944523e-06,3.4599278030400527e-06,1.04416716023353e-16,1.37399684661934e-06,6.42113315643678e-15,3.61864248005217e-06,8.03614038378045e-17,4.380686854688065e-05,7.078569728147244e-06,6.126310836407356e-05,1.0,8.5
1708,4.65125902759196e-06,3.6401680750808296e-06,1.560594677845e-17,7.06283352434889e-07,4.46945404948204e-15,3.6811766290778536e-06,3.68586386997709e-18,4.513848753617822e-05,7.321344654087625e-06,6.0372909501893446e-05,1.0,8.5
1709,1.54312760486386e-13,3.7024827630460777e-06,1.26080854198803e-17,6.54587061638123e-15,6.09450369944836e-16,3.7024827630460777e-06,6.67559371225323e-17,4.559068153753287e-05,7.404965110091588e-06,6.007100819260813e-05,1.0,8.5
1710,1.2553482570597e-05,7.66858655076863e-07,1.82699956744254e-09,1.93110084371938e-06,1.18036273961253e-08,2.2557472680873047e-06,2.65179337641205e-09,1.9795229547980853e-05,3.0226053980841883e-06,7.799980812706053e-05,1.0,8.5
1711,1.27717437292195e-05,1.077868962084949e-06,5.11850735403949e-11,2.11849564404652e-06,2.39440582460904e-08,2.4737715610401168e-06,2.02506989585458e-09,2.3057654544800243e-05,3.5516400300750206e-06,7.571640890091658e-05,1.0,8.5
1712,1.3864413527954e-05,1.5336486770545221e-06,1.92939152171822e-10,2.35582037047293e-06,1.95373623751655e-08,2.6967625930685024e-06,1.56558857575647e-09,2.6690875529311597e-05,4.2304109650892485e-06,7.378850932582282e-05,1.0,8.5
1713,1.4033855020224e-05,1.9552543080725293e-06,2.84926788618037e-10,2.45666286557208e-06,1.60541122007512e-08,2.936545661080814e-06,1.15532515284765e-09,3.17527845368204e-05,4.891799483153214e-06,6.979540921747684e-05,1.0,8.5
1714,1.2170231194218e-05,2.360793756039925e-06,1.68372901986703e-09,2.14916883120299e-06,1.06222225093716e-08,3.1146376550661437e-06,2.80772765361803e-09,3.504161054479482e-05,5.475431163137756e-06,6.637910883000586e-05,1.0,8.5
1715,1.02525237373678e-05,2.7465816750393834e-06,1.85422055272149e-10,1.64390463509709e-06,4.47139201029952e-08,3.328700547033936e-06,5.47933025137436e-09,3.868980755328266e-05,6.075281681172662e-06,6.441840923798736e-05,1.0,8.5
1716,7.96024104373618e-06,3.127216272047484e-06,9.90158976903164e-11,1.33410541027857e-06,1.0181694182745e-08,3.4821502820636674e-06,1.22910489080909e-09,4.0780374547466636e-05,6.609366117071858e-06,6.333630881272256e-05,1.0,8.5
1717,9.1467161454392e-06,3.4599278040392534e-06,4.39955265550988e-16,1.37399683988677e-06,5.20015007074957e-14,3.618642483049772e-06,6.52908242336665e-16,4.380686652893928e-05,7.078569728147244e-06,6.126320840849075e-05,1.0,8.5
1718,4.65125901287066e-06,3.6401680760800303e-06,2.67254776726493e-16,7.06283351504372e-07,1.81147143726162e-14,3.6811766300770543e-06,6.89140076655468e-16,4.513848753617822e-05,7.321344654087625e-06,6.0372709413059056e-05,1.0,8.5
1719,1.4354012770057e-13,3.702482765044479e-06,1.09762764469949e-16,6.6795527442487e-15,9.72055010269035e-17,3.7024827640452784e-06,3.82038964266002e-16,4.559068153753287e-05,7.404965110091588e-06,6.007100819260813e-05,1.0,8.5
1720,1.25403195527438e-05,7.653115570716018e-07,1.96895462815749e-09,1.93166088061813e-06,1.38222541087017e-08,2.256118387056194e-06,2.18738454708729e-09,1.9765746543498608e-05,3.021429414107324e-06,7.795020974299405e-05,1.0,8.5
1721,1.27323546333452e-05,1.0751530010733035e-06,2.6380112314104e-09,2.11437336485894e-06,2.23018076893485e-08,2.4730687200325008e-06,2.41432582578888e-09,2.308417253971129e-05,3.54822124015719e-06,7.565810847154353e-05,1.0,8.5
1722,1.38824683667481e-05,1.5342873330714824e-06,6.09734560686304e-10,2.35790842745433e-06,2.57323417086929e-09,2.695317342038539e-06,2.40523839061763e-09,2.6771584543894278e-05,4.229604369077045e-06,7.368300975940656e-05,1.0,8.5
1723,1.40183077587135e-05,1.9543875900418506e-06,3.99534983316982e-12,2.4598672819704e-06,2.24930874260138e-08,2.937314905082644e-06,5.31901347626631e-09,3.173864655536818e-05,4.891702004128362e-06,6.982330887694843e-05,1.0,8.5
1724,1.21687980967622e-05,2.3597573240441427e-06,5.11302674359412e-10,2.155616134614e-06,3.6642974921621e-08,3.1175151540829837e-06,3.14407043218586e-09,3.49942555430971e-05,5.477272229104102e-06,6.646290967182722e-05,1.0,8.5
1725,1.02524478521279e-05,2.7465803940640576e-06,1.3245021587734e-10,1.64389525251227e-06,3.19386727341253e-08,3.328701493054975e-06,3.91381828850198e-09,3.868985453436835e-05,6.07528134211055e-06,6.441840923798736e-05,1.0,8.5
1726,7.96626747565391e-06,3.1294811290716318e-06,2.4086426449135e-10,1.33464614640859e-06,2.54426436078372e-08,3.4829707610817273e-06,3.08072600145413e-09,4.071051853316021e-05,6.612451455167978e-06,6.344540815916844e-05,1.0,8.5
1727,9.14671618056431e-06,3.459927798044049e-06,1.82731476502354e-16,1.37399684301307e-06,3.02642364836438e-14,3.618642484048973e-06,1.04328624596839e-15,4.380686755212082e-05,7.078569721152839e-06,6.126310836407356e-05,1.0,8.5
1728,4.65125901182376e-06,3.640168074081629e-06,4.0764138212971e-16,7.06283350258949e-07,4.99423500601934e-15,3.681176628078653e-06,1.42058775496039e-15,4.513849054887942e-05,7.321344654087625e-06,6.0372709413059056e-05,1.0,8.5
1729,1.33201609464617e-13,3.702482765044479e-06,2.786050182197e-16,6.14639632592895e-15,2.02559255718486e-14,3.70248276604368e-06,1.17715048591951e-15,4.559068153753287e-05,7.404965110091588e-06,6.007100819260813e-05,1.0,8.5
1730,1.25403272340012e-05,7.652954430725778e-07,1.94786814945535e-09,1.93166858519713e-06,3.95254988474846e-08,2.2561305420554234e-06,4.50254498447128e-09,1.976566954908776e-05,3.021425456162241e-06,7.795010969857685e-05,1.0,8.5
1731,1.27197343268759e-05,1.0774584170425427e-06,1.53935748843585e-09,2.10976595863651e-06,4.21055037574746e-08,2.4710728410703986e-06,4.66499867584633e-09,2.306900555026914e-05,3.5485307721128123e-06,7.575500967504922e-05,1.0,8.5
1732,1.38389912118348e-05,1.531218026040726e-06,1.65738221019192e-09,2.35398180764751e-06,4.70917629555052e-09,2.6968836960850062e-06,2.0195882748813e-09,2.684392654828116e-05,4.228101421088759e-06,7.374590859399177e-05,1.0,8.5
1733,1.4046996550056e-05,1.953682625066566e-06,4.06667322335286e-10,2.46361449261895e-06,2.41076568925272e-08,2.9394108710389943e-06,1.71635818746762e-09,3.174441954456597e-05,4.89309300810703e-06,6.982700870139524e-05,1.0,8.5
1734,1.21687463398041e-05,2.359759620040869e-06,3.06789392387146e-10,2.15561140414679e-06,2.19858084181922e-08,3.1175122420790125e-06,1.88644546554349e-09,3.4994285556422255e-05,5.477271613152368e-06,6.646300971624441e-05,1.0,8.5
1735,1.02523972367887e-05,2.746579540080507e-06,7.94737003685361e-11,1.64388899608048e-06,1.9163245553537e-08,3.3287021160566255e-06,2.34829871793796e-09,3.868988554245334e-05,6.075281112072339e-06,6.441820914915297e-05,1.0,8.5
1736,7.96622654718063e-06,3.129479332064644e-06,1.44526754982443e-10,1.33464138471002e-06,1.52656486371267e-08,3.48297236207884e-06,1.84844288374832e-09,4.071053552934245e-05,6.61245125610499e-06,6.344550820358563e-05,1.0,8.5
1737,9.14671620937677e-06,3.459927805038454e-06,3.61656598697985e-16,1.37399684376193e-06,3.32568174388204e-14,3.6186424820505714e-06,1.03387570992439e-15,4.380686553417945e-05,7.0785697361408495e-06,6.126320840849075e-05,1.0,8.5
1738,4.65125902300578e-06,3.640168077079231e-06,5.86231079278228e-16,7.06283351383104e-07,6.71030275073946e-14,3.6811766260802514e-06,1.41246725009507e-15,4.513848654141839e-05,7.321344651090023e-06,6.0372509324224666e-05,1.0,8.5
1739,1.4513130280891e-13,3.702482762046877e-06,3.33528963860274e-16,6.83486470545724e-15,2.90500859045223e-14,3.702482762046877e-06,1.49778294964136e-16,4.559068153753287e-05,7.404965110091588e-06,6.007100819260813e-05,1.0,8.5
1740,1.25640801495225e-05,7.685270330681782e-07,5.98094911877462e-12,1.92992719533082e-06,1.27741610600452e-08,2.2513714450500544e-06,1.14642481599653e-09,1.9830827540090468e-05,3.019897951150874e-06,7.77715085860109e-05,1.0,8.5
1741,1.27046355715841e-05,1.0765595060413524e-06,3.53804586600976e-10,2.10715722837188e-06,2.59712292784121e-08,2.470747130056683e-06,3.36749051835564e-09,2.3010905550790994e-05,3.5473061441582132e-06,7.572910908493213e-05,1.0,8.5
1742,1.38576186804832e-05,1.5319904410615592e-06,9.50524619420226e-11,2.35531091730975e-06,9.76620528507022e-09,2.696012497083178e-06,7.71087022280247e-10,2.6884887546430036e-05,4.228002634110162e-06,7.369530976575334e-05,1.0,8.5
1743,1.40469694174851e-05,1.9536842720824232e-06,1.35557948621344e-10,2.46361226995356e-06,8.03592299774831e-09,2.9394088600365187e-06,5.72121396858258e-10,3.174443753550804e-05,4.893092646174324e-06,6.982690865697805e-05,1.0,8.5
1744,1.21687204950051e-05,2.359760766068586e-06,1.02264254922574e-10,2.15560903980711e-06,7.32861282532089e-09,3.117510786077027e-06,6.28816732523377e-10,3.4994301529422955e-05,5.477271308174103e-06,6.646280962741002e-05,1.0,8.5
1745,1.02523719798246e-05,2.7465791140324214e-06,2.64918500287546e-11,1.64388586727018e-06,6.38777147058637e-09,3.3287024310824087e-06,7.82770405914309e-10,3.868990154387575e-05,6.075281003159461e-06,6.441830919357017e-05,1.0,8.5
1746,7.96620614070681e-06,3.1294784420543564e-06,4.81773048879824e-11,1.33463900454836e-06,5.0885793344979e-09,3.4829731620500404e-06,6.16150275151002e-10,4.071054354426451e-05,6.612451159071497e-06,6.344530811475124e-05,1.0,8.5
1747,9.14671623914462e-06,3.4599278040392534e-06,1.28412735902594e-16,1.37399684720953e-06,2.78276750600992e-14,3.6186424810513707e-06,5.3630822791648e-16,4.380686755212082e-05,7.078569731144846e-06,6.126320840849075e-05,1.0,8.5
1748,4.65125904231586e-06,3.6401680760800303e-06,2.21276346041872e-16,7.06283351788054e-07,6.65606214892908e-14,3.681176628078653e-06,2.02765288012576e-15,4.513848654141839e-05,7.3213446480924205e-06,6.0372709413059056e-05,1.0,8.5
1749,1.21767179672716e-13,3.7024827670428806e-06,3.13199749609697e-16,6.07608581504326e-15,4.77654753857498e-14,3.70248276604368e-06,1.53306780112513e-15,4.559068153753287e-05,7.404965110091588e-06,6.007100819260813e-05,1.0,8.5
1750,1.25640800244013e-05,7.685270320689774e-07,5.98103512941176e-12,1.92992719380089e-06,1.27741686550169e-08,2.251371443051653e-06,1.14642493772024e-09,1.9830827540090468e-05,3.019897950151673e-06,7.77715085860109e-05,1.0,8.5
1751,1.27046355239885e-05,1.0765595080397539e-06,3.53804717745957e-10,2.1071572265547e-06,2.59712244189366e-08,2.470747133054285e-06,3.36749067139078e-09,2.3010905550790994e-05,3.547306141160611e-06,7.572910908493213e-05,1.0,8.5
1752,1.38576186940024e-05,1.53199044206076e-06,9.50523065456757e-11,2.35531091601132e-06,9.76620776207916e-09,2.6960124980823785e-06,7.71087285644814e-10,2.6884887546430036e-05,4.228002638106965e-06,7.369530976575334e-05,1.0,8.5
1753,1.40469693572665e-05,1.9536842720824232e-06,1.35558006717004e-10,2.46361226960813e-06,8.03593218241794e-09,2.939408866087234e-06,5.72121316176676e-10,3.174443753550804e-05,4.893092650171127e-06,6.982690865697805e-05,1.0,8.5
1754,1.2168720430118e-05,2.3597607640701845e-06,1.02264109735621e-10,2.15560903891714e-06,7.32861465450548e-09,3.117510786077027e-06,6.28816575044705e-10,3.4994301529422955e-05,5.477271305065479e-06,6.646280962741002e-05,1.0,8.5
1755,1.02523718574733e-05,2.7465791090364178e-06,2.6491809521945e-11,1.64388586646564e-06,6.38777529177561e-09,3.3287024320816094e-06,7.82770539050948e-10,3.868990154387575e-05,6.075281004158661e-06,6.441830919357017e-05,1.0,8.5
1756,7.9662060531345e-06,3.1294784380575535e-06,4.81772634540952e-11,1.33463900309043e-06,5.08858657287555e-09,3.482973163049241e-06,6.16150250883508e-10,4.071054354426451e-05,6.612451158072297e-06,6.344530811475124e-05,1.0,8.5
1757,9.1467161693116e-06,3.459927802040852e-06,1.28917991055631e-16,1.37399684646663e-06,2.53651266657329e-14,3.61864248005217e-06,6.26135224939851e-16,4.380686755212082e-05,7.078569726148842e-06,6.126320840849075e-05,1.0,8.5
1758,4.65125897504198e-06,3.6401680750808296e-06,2.2639157801034e-16,7.06283351508004e-07,6.63525901974452e-14,3.681176628078653e-06,2.06602855483407e-15,4.513848753617822e-05,7.321344652089223e-06,6.0372709413059056e-05,1.0,8.5
1759,1.79019559592986e-13,3.702482765044479e-06,3.56457298709501e-16,7.07452759568516e-15,4.03306674081477e-14,3.702482765044479e-06,1.359827540555e-15,4.559068153753287e-05,7.404965110091588e-06,6.007100819260813e-05,1.0,8.5
1760,1.25403272213677e-05,7.652954390757749e-07,1.94786807695594e-09,1.93166858091225e-06,3.95255040430763e-08,2.256130544053825e-06,4.50254482682998e-09,1.976566954908776e-05,3.021425460159044e-06,7.795010969857685e-05,1.0,8.5
1761,1.27197343065512e-05,1.0774584170425427e-06,1.53935744919147e-09,2.10976595696953e-06,4.21055075805477e-08,2.4710728430688e-06,4.664998774319e-09,2.306900555026914e-05,3.54853076911521e-06,7.575500967504922e-05,1.0,8.5
1762,1.38389911765603e-05,1.5312180280391274e-06,1.6573821049079e-09,2.35398180855348e-06,4.70918159994188e-09,2.6968836980834077e-06,2.01958815859046e-09,2.684392654828116e-05,4.2281014160927555e-06,7.374590859399177e-05,1.0,8.5
1763,1.40469964875658e-05,1.9536826210697633e-06,4.06667339543713e-10,2.46361449014724e-06,2.41076574466765e-08,2.9394108710389943e-06,1.71635840479256e-09,3.174441954456597e-05,4.89309300810703e-06,6.982700870139524e-05,1.0,8.5
1764,1.21687462947067e-05,2.3597596210400695e-06,3.06789513775861e-10,2.15561140363808e-06,2.19858073213997e-08,3.117512243078213e-06,1.88644556917374e-09,3.4994285556422255e-05,5.4772716151507694e-06,6.646300971624441e-05,1.0,8.5
1765,1.02523971892434e-05,2.746579536083704e-06,7.94737062206868e-11,1.64388899487192e-06,1.91632426054558e-08,3.328702117055826e-06,2.34829876483225e-09,3.868988653721317e-05,6.075281114070741e-06,6.441820914915297e-05,1.0,8.5
1766,7.9662265558768e-06,3.129479332064644e-06,1.44526745670798e-10,1.33464138350888e-06,1.52656460889264e-08,3.4829723640772414e-06,1.84844271319485e-09,4.071053552934245e-05,6.6124512571041905e-06,6.344550820358563e-05,1.0,8.5
1767,9.14671617556874e-06,3.4599278030400527e-06,4.30615456758088e-16,1.3739968440654e-06,3.53947014926359e-14,3.6186424820505714e-06,9.34372208511586e-16,4.380686553417945e-05,7.078569730145645e-06,6.126320840849075e-05,1.0,8.5
1768,4.65125899278256e-06,3.6401680790776325e-06,5.1031913951235e-16,7.06283351526436e-07,6.6286318339652e-14,3.6811766300770543e-06,1.39245270858439e-15,4.513848654141839e-05,7.3213446480924205e-06,6.0372509324224666e-05,1.0,8.5
1769,1.71931045789275e-13,3.7024827610476763e-06,2.66724322343275e-16,6.81448170461452e-15,2.78858831642345e-14,3.7024827630460777e-06,4.34765071166687e-17,4.559068153753287e-05,7.404965110091588e-06,6.007100819260813e-05,1.0,8.5
1770,1.2540319429223e-05,7.653115550732004e-07,1.96895485976033e-09,1.93166087952638e-06,1.38222504599141e-08,2.2561183860569933e-06,2.18738478434969e-09,1.9765746543498608e-05,3.0214294161057254e-06,7.795020974299405e-05,1.0,8.5
1771,1.27323546771254e-05,1.0751530010733035e-06,2.63801123283427e-09,2.11437336462664e-06,2.2301806068534e-08,2.4730687210872127e-06,2.41432588908935e-09,2.308417253971129e-05,3.548221236160387e-06,7.565810847154353e-05,1.0,8.5
1772,1.38824683491359e-05,1.5342873350698838e-06,6.09734653564896e-10,2.35790842755932e-06,2.5732328967149e-09,2.6953173440369405e-06,2.40523856455161e-09,2.6771584543894278e-05,4.229604369077045e-06,7.368300975940656e-05,1.0,8.5
1773,1.40183077268442e-05,1.9543875900418506e-06,3.99524974680386e-12,2.45986728062623e-06,2.24930938365217e-08,2.937314905082644e-06,5.31901338582437e-09,3.173864655536818e-05,4.891702004128362e-06,6.982330887694843e-05,1.0,8.5
1774,1.21687980540919e-05,2.3597573240441427e-06,5.11302616505474e-10,2.15561613409204e-06,3.66429764755267e-08,3.117515153083783e-06,3.14407025161369e-09,3.49942555430971e-05,5.477272234100106e-06,6.646290967182722e-05,1.0,8.5
1775,1.02524478151301e-05,2.746580393064857e-06,1.32450227994146e-10,1.64389525177306e-06,3.19386637893422e-08,3.3287014920557745e-06,3.91381819362921e-09,3.868985453436835e-05,6.075281340112149e-06,6.441840923798736e-05,1.0,8.5
1776,7.96626743421701e-06,3.1294811290716318e-06,2.40864182121419e-10,1.33464614427515e-06,2.54426471209165e-08,3.4829707630801288e-06,3.08072619600997e-09,4.071051753840038e-05,6.6124514571663795e-06,6.344540815916844e-05,1.0,8.5
1777,9.14671616654905e-06,3.4599277990432498e-06,1.48905427511991e-16,1.37399684253651e-06,2.482726752049e-14,3.6186424860473743e-06,1.1337790108883e-15,4.380686652893928e-05,7.078569720153638e-06,6.126310836407356e-05,1.0,8.5
1778,4.65125899521031e-06,3.640168070084826e-06,3.5889760063054e-16,7.06283350252119e-07,1.23999931416624e-14,3.681176627079452e-06,1.52823886629284e-15,4.513849054887942e-05,7.321344653088424e-06,6.0372709413059056e-05,1.0,8.5
1779,1.76952636571359e-13,3.702482765044479e-06,3.28950750780365e-16,6.76618049783029e-15,1.59837014500688e-14,3.70248276604368e-06,1.10160022922211e-15,4.559068153753287e-05,7.404965110091588e-06,6.007100819260813e-05,1.0,8.5
1780,1.25534824835302e-05,7.66858655076863e-07,1.82699959246993e-09,1.93110084430452e-06,1.18036255391716e-08,2.2557472720841076e-06,2.65179330485132e-09,1.9795229547980853e-05,3.022605396085787e-06,7.799980812706053e-05,1.0,8.5
1781,1.27717437487911e-05,1.077868962084949e-06,5.11849790636726e-11,2.11849564641263e-06,2.3944055332995e-08,2.4737715610401168e-06,2.02506993215079e-09,2.3057655539560074e-05,3.5516400300750206e-06,7.571640890091658e-05,1.0,8.5
1782,1.38644135309622e-05,1.5336486790529236e-06,1.92939100738076e-10,2.35582037063427e-06,1.95373653890442e-08,2.6967625930685024e-06,1.56558887476165e-09,2.6690875529311597e-05,4.230410963090847e-06,7.378850932582282e-05,1.0,8.5
1783,1.40338550007643e-05,1.95525430907173e-06,2.84926709059514e-10,2.45666286382041e-06,1.60541068852264e-08,2.936545661080814e-06,1.15532496435063e-09,3.17527845368204e-05,4.891799482154013e-06,6.979540921747684e-05,1.0,8.5
1784,1.21702311713589e-05,2.360793753042323e-06,1.68372912870419e-09,2.14916883040016e-06,1.06222245992729e-08,3.114637658063746e-06,2.80772756659894e-09,3.504161054479482e-05,5.475431163137756e-06,6.637910883000586e-05,1.0,8.5
1785,1.02525237208506e-05,2.746581677037785e-06,1.85421962700342e-10,1.64390463528369e-06,4.47139203308403e-08,3.3287005480331366e-06,5.47933030930972e-09,3.868980755328266e-05,6.0752816821718625e-06,6.441840923798736e-05,1.0,8.5
1786,7.96024103986905e-06,3.127216272047484e-06,9.90159126281659e-11,1.33410540876123e-06,1.01816949710888e-08,3.4821502810644667e-06,1.22910500412855e-09,4.0780373552706806e-05,6.609366119070259e-06,6.333630881272256e-05,1.0,8.5
1787,9.14671614796409e-06,3.4599278040392534e-06,4.03382923987389e-16,1.37399683986249e-06,6.09640782951379e-14,3.61864248005217e-06,5.06219076531166e-16,4.380686652893928e-05,7.078569728147244e-06,6.126320840849075e-05,1.0,8.5
1788,4.65125901447051e-06,3.6401680750808296e-06,3.42354200137717e-16,7.06283351609431e-07,2.27912849183609e-14,3.6811766300770543e-06,6.83101578774492e-16,4.513848753617822e-05,7.321344654087625e-06,6.0372709413059056e-05,1.0,8.5
1789,1.54844019550904e-13,3.7024827670428806e-06,1.19990263791571e-16,6.8101991060332e-15,2.08505630296119e-16,3.702482769041282e-06,4.26208344333524e-16,4.559068153753287e-05,7.404965110091588e-06,6.007100819260813e-05,1.0,8.5
1790,1.25441402032909e-05,7.648471320731431e-07,9.15609793455193e-17,1.93052578579549e-06,3.04335549816681e-16,2.2558319050514086e-06,1.07185243211454e-16,1.9869533531391426e-05,3.0206785121000834e-06,7.789460869389586e-05,1.0,8.5
1791,1.27717200083243e-05,1.0778685070600424e-06,8.43560443042803e-18,2.11849360219462e-06,4.14352254764216e-15,2.4737718300471556e-06,8.83624770575686e-17,2.3057672535742313e-05,3.5516398391166604e-06,7.571640890091658e-05,1.0,8.5
1792,1.38643962068368e-05,1.5336490500339472e-06,1.18046746694096e-17,2.35581897285531e-06,8.22448662993192e-16,2.6967621020723698e-06,2.09616937522916e-16,2.6690889541214347e-05,4.230410843075738e-06,7.378820919257123e-05,1.0,8.5
1793,1.40338415393672e-05,1.955255172048087e-06,3.05935595054044e-17,2.45666175742218e-06,7.78890840713586e-16,2.9365446240769977e-06,6.80319922575709e-17,3.175279755396332e-05,4.891799311068645e-06,6.979530917305965e-05,1.0,8.5
1794,1.21892051254098e-05,2.3612020840779735e-06,1.13900520417286e-17,2.15092205069637e-06,1.0150707314624e-15,3.113717900071755e-06,1.96781000240225e-16,3.5081127549574376e-05,5.474919726133898e-06,6.63270093355095e-05,1.0,8.5
1795,1.02520550311473e-05,2.7466369640349875e-06,1.33670269406201e-17,1.64323932698337e-06,7.21102864920109e-16,3.325842974077897e-06,1.38054511941189e-16,3.8760961530215354e-05,6.0724794090916134e-06,6.430990833905526e-05,1.0,8.5
1796,7.96023081212766e-06,3.127215818077289e-06,6.91602401433136e-19,1.33410421848949e-06,2.00363271980752e-15,3.4821506810778224e-06,1.22464023514027e-17,4.0780376536986296e-05,6.60936605112461e-06,6.333640885713976e-05,1.0,8.5
1797,9.14671619054504e-06,3.4599278030400527e-06,1.45260221223482e-16,1.37399684663165e-06,2.01420369098926e-15,3.61864248005217e-06,8.50624366950659e-17,4.380686854688065e-05,7.078569728147244e-06,6.126310836407356e-05,1.0,8.5
1798,4.65125902977597e-06,3.6401680750808296e-06,3.55876657624158e-17,7.0628335245473e-07,1.96403223545749e-15,3.6811766290778536e-06,2.24040214548762e-17,4.513848753617822e-05,7.321344654087625e-06,6.0372909501893446e-05,1.0,8.5
1799,1.54730395163227e-13,3.7024827630460777e-06,2.59776534593421e-17,6.52868601194734e-15,1.95183496101703e-16,3.7024827640452784e-06,2.20719845395526e-17,4.559068153753287e-05,7.404965110091588e-06,6.007100819260813e-05,1.0,8.5
1800,1.45133517844768e-05,5.778968320546696e-07,1.03150137069412e-16,2.01763892866051e-06,1.85993527437173e-15,2.1117153610750172e-06,1.44893455957321e-17,2.3454378549558896e-05,2.6896116621655253e-06,5.5163709475891665e-05,1.0,9.0
1801,1.4576898889191e-05,9.192420950543401e-07,3.47736720631881e-18,2.13096371169954e-06,5.18231697789126e-15,2.3232998300759533e-06,6.61719079054005e-17,2.693423854793764e-05,3.242541423142953e-06,5.436450919660274e-05,1.0,9.0
1802,1.37017852001687e-05,1.2473830190429247e-06,7.86566706221164e-17,2.20453814065122e-06,4.91529831159881e-16,2.5189567260386347e-06,1.61767199299574e-16,3.002640454496941e-05,3.7663394331088895e-06,5.204930857871659e-05,1.0,9.0
1803,1.26407110883446e-05,1.6330412670462202e-06,4.12988912883963e-17,2.2100327950682e-06,2.64405061430398e-15,2.7222884640409895e-06,1.27957879209918e-16,3.3219260529904204e-05,4.355329241145789e-06,5.003770820621867e-05,1.0,9.0
1804,1.19293593612373e-05,2.0377711260621822e-06,2.35909263722163e-18,2.18259206324767e-06,1.88540724916156e-15,2.9352650000591396e-06,1.95254646869272e-16,3.679962654246083e-05,4.9730358661070895e-06,4.75393080705544e-05,1.0,9.0
1805,1.19780709914702e-05,2.539560640058003e-06,2.68848257458515e-18,2.12353042380024e-06,2.76471553983804e-16,3.1150886820596746e-06,4.34892126108775e-17,3.9948176549842174e-05,5.654648789099603e-06,4.6448109060293064e-05,1.0,9.0
1806,8.55730732269439e-06,2.897009472035972e-06,4.57382968440745e-17,1.70048856413233e-06,5.17503249454487e-16,3.2449154980795925e-06,4.59744072781217e-17,4.2409940533616464e-05,6.141924523084263e-06,4.477230868360493e-05,1.0,9.0
1807,4.72852602816359e-06,3.1892519090637172e-06,9.05389282155385e-17,1.17211867144265e-06,4.64477631703653e-15,3.339968397075843e-06,2.48502526065467e-17,4.426504654020391e-05,6.529219741091552e-06,4.339150837040506e-05,1.0,9.0
1808,6.40258856480624e-07,3.3848230620581177e-06,1.560594677845e-17,5.61362915228736e-07,2.69309721008179e-15,3.3793229900491717e-06,5.18252873612807e-17,4.535842853670147e-05,6.764146000093341e-06,4.174520836386364e-05,1.0,9.0
1809,1.56977295745486e-13,3.2421975150742632e-06,1.26080854198803e-17,6.68464849445938e-15,2.78728049755289e-16,3.2421975150742632e-06,6.67559371225323e-17,4.593497155269688e-05,6.484394690087214e-06,2.852230863936711e-05,1.0,9.0
1810,1.45198053942736e-05,5.782900670547875e-07,1.37421599957157e-10,2.01716580454413e-06,2.693969135388e-08,2.109124208060642e-06,3.38119935647205e-09,2.3503572549543605e-05,2.687413743096556e-06,5.5077009164961055e-05,1.0,9.0
1811,1.45611256554066e-05,9.194180640714755e-07,1.71109684407623e-09,2.12894242459826e-06,1.23139436880958e-08,2.320911191067143e-06,5.95326448500377e-10,2.6952684549996775e-05,3.240328756093369e-06,5.431900899566244e-05,1.0,9.0
1812,1.36879999490978e-05,1.2486168050607205e-06,9.99282252761314e-10,2.20315590018532e-06,2.74318836255335e-09,2.51890444008529e-06,4.9989781789436e-10,3.001657753998188e-05,3.76752093411703e-06,5.2137709644739516e-05,1.0,9.0
1813,1.26407271085266e-05,1.6330418570742466e-06,1.25054316002946e-10,2.2100337919085e-06,1.55133234536347e-08,2.7222884820821136e-06,9.43378470420796e-10,3.3219249530702655e-05,4.355329850103118e-06,5.003780825063586e-05,1.0,9.0
1814,1.19293730518983e-05,2.03777184104581e-06,2.02716734835301e-10,2.18259278247636e-06,1.281264398244e-08,2.9352647760716444e-06,6.41370464606443e-10,3.67996225349998e-05,4.973036370148343e-06,4.753910980070941e-05,1.0,9.0
1815,1.19780778600679e-05,2.5395605260380982e-06,3.14731738515311e-11,2.12353066854207e-06,7.2770336614073e-09,3.115089004079863e-06,2.10651123582324e-10,3.9948175555082344e-05,5.654648987163391e-06,4.6448109060293064e-05,1.0,9.0
1816,8.55731417245256e-06,2.897009366065184e-06,3.92092558550186e-11,1.70048877797891e-06,7.22875140355647e-09,3.2449157770786385e-06,1.956441849076e-10,4.2409941528376294e-05,6.141924703162438e-06,4.477220863918774e-05,1.0,9.0
1817,4.72421965464235e-06,3.1884996430364687e-06,4.44803564843526e-10,1.17201916585648e-06,2.17183973458688e-08,3.342499839076307e-06,2.29029727193127e-09,4.42443185306729e-05,6.5309989141226765e-06,4.3435908082756214e-05,1.0,9.0
1818,6.40265519972864e-07,3.3848228410682246e-06,1.11839624474477e-10,5.61363082163941e-07,7.02392420194966e-09,3.37932327204582e-06,1.77650426899991e-10,4.535842754194164e-05,6.764146056159603e-06,4.1745108319446445e-05,1.0,9.0
1819,1.39099235602069e-13,3.2421975140750625e-06,1.25953799256714e-18,6.56853044178618e-15,4.53809759952753e-15,3.242197513075862e-06,1.5999435934097e-16,4.593497155269688e-05,6.484394690087214e-06,2.852230863936711e-05,1.0,9.0
1820,1.45165013274093e-05,5.780763250862186e-07,5.69323577882554e-11,2.01880864551151e-06,1.11834438480131e-08,2.108006156076314e-06,1.54762827394092e-11,2.345701253148036e-05,2.686081946090546e-06,5.500960833160207e-05,1.0,9.0
1821,1.456108419224e-05,9.194110290322577e-07,1.73190558256466e-09,2.1289384041447e-06,4.99060810442453e-09,2.3209152450465176e-06,6.52441187603831e-10,2.6952684549996775e-05,3.2403257871349567e-06,5.431920908449683e-05,1.0,9.0
1822,1.36880287734329e-05,1.2486189280846993e-06,1.05597736875887e-09,2.20316122373656e-06,1.39407249182124e-08,2.518904037074332e-06,1.61326841447479e-09,3.0016558554279982e-05,3.767522653075339e-06,5.213760960032232e-05,1.0,9.0
1823,1.26568101347384e-05,1.6314026200503484e-06,1.10121782937342e-09,2.21174366709382e-06,1.39812171063197e-08,2.7226074400532596e-06,1.66977606401533e-09,3.32281055364092e-05,4.354009566109873e-06,4.9949909225688316e-05,1.0,9.0
1824,1.19338994149232e-05,2.03871772208597e-06,9.34739196316278e-10,2.18234471529609e-06,3.03895046966014e-09,2.9328081670443318e-06,1.37094284298619e-09,3.6821938550701816e-05,4.971525639163588e-06,4.749520849145483e-05,1.0,9.0
1825,1.19744727641266e-05,2.5388731860753744e-06,4.12131258091881e-10,2.12319905305023e-06,1.05403049346109e-08,3.115119897034724e-06,2.04385761966167e-09,3.9929062552346295e-05,5.653992533161123e-06,4.640490806195885e-05,1.0,9.0
1826,8.55343554448688e-06,2.8961959130380244e-06,3.80384732199232e-10,1.700551790415e-06,1.44380703551885e-08,3.2474434060736357e-06,2.13136230268849e-09,4.2388830536310707e-05,6.143638886069169e-06,4.481660835153889e-05,1.0,9.0
1827,4.72418662999033e-06,3.1885016430477364e-06,3.92660665549236e-10,1.17201503900863e-06,1.45240815592205e-08,3.342497441050085e-06,2.10394772682666e-09,4.424432952987445e-05,6.530998519105324e-06,4.343580985732842e-05,1.0,9.0
1828,6.40285528697576e-07,3.384822175045432e-06,2.23676183496485e-10,5.61363585070793e-07,1.40478638703889e-08,3.379324113039761e-06,3.55302875511772e-10,4.53584295314613e-05,6.764146236126756e-06,4.1745108319446445e-05,1.0,9.0
1829,1.32313431044917e-13,3.2421975170726647e-06,4.86771835336917e-16,6.20190747716021e-15,1.22623197945475e-14,3.2421975170726647e-06,1.23266163715077e-15,4.593497155269688e-05,6.484394690087214e-06,2.852230863936711e-05,1.0,9.0
1830,1.44711212173636e-05,5.729334810467002e-07,3.28323969211053e-12,2.01708911995381e-06,2.78358452107853e-08,2.1102218970558972e-06,1.85040679128529e-09,2.3439450529849637e-05,2.6831548450845233e-06,5.50070089957444e-05,1.0,9.0
1831,1.45540161235514e-05,9.182336930813051e-07,9.34682844746439e-10,2.12925628759838e-06,5.34203902615501e-09,2.3231422150438163e-06,1.00680962495372e-09,2.6927761552997254e-05,3.2413754180726784e-06,5.436250830825884e-05,1.0,9.0
1832,1.36880909133558e-05,1.2486217270679667e-06,1.11267897024296e-09,2.20316897120615e-06,3.06245694115274e-08,2.5189042450746157e-06,2.7266275908649e-09,3.0016521549214303e-05,3.7675256661096057e-06,5.213760960032232e-05,1.0,9.0
1833,1.26336108944318e-05,1.6302876660323484e-06,7.94775289729055e-10,2.20968870588828e-06,5.16653506688915e-09,2.7211328920695443e-06,1.32221420623113e-09,3.3243961553353074e-05,4.351420063164468e-06,4.9904709157999605e-05,1.0,9.0
1834,1.19293387544923e-05,2.0380652420715073e-06,7.24183497776913e-10,2.18197801243238e-06,5.31743391549502e-09,2.9328053750554695e-06,8.6801363970403e-10,3.6803099533244676e-05,4.970870367104752e-06,4.745140904560685e-05,1.0,9.0
1835,1.19704356612029e-05,2.537996879048432e-06,3.68795044801709e-11,2.12337366693716e-06,1.09766634746308e-08,3.1176206730654243e-06,3.24452793756264e-10,3.990740054859998e-05,5.655617009159286e-06,4.644900946004782e-05,1.0,9.0
1836,8.55341728943229e-06,2.8961978760788654e-06,3.47125352932133e-10,1.70054798595071e-06,7.18259796389129e-09,3.2474412420824272e-06,1.93285747018037e-09,4.2388844548213456e-05,6.143638677125196e-06,4.4816708395956084e-05,1.0,9.0
1837,4.72416730539502e-06,3.188503422069111e-06,3.40508259642708e-10,1.1720112853718e-06,7.32968846164569e-09,3.34249551203758e-06,1.9175893303997e-09,4.424433853955634e-05,6.530998372111796e-06,4.3435908082756214e-05,1.0,9.0
1838,6.33298613286759e-07,3.3835394180337097e-06,1.57425569213816e-10,5.60411563900617e-07,1.05655568282859e-08,3.3817678370406945e-06,2.71116160369238e-10,4.531840954768995e-05,6.765307197120762e-06,4.1746909118955955e-05,1.0,9.0
1839,1.4690765964831e-13,3.2421975110774603e-06,3.33528963860274e-16,6.83486470545724e-15,3.61555132621233e-14,3.2421975110774603e-06,3.1631174865791e-16,4.593497155269688e-05,6.484394690087214e-06,2.852230863936711e-05,1.0,9.0
1840,1.44710851745261e-05,5.729332630544093e-07,1.09391389782837e-12,2.0170864370437e-06,9.27867626953965e-09,2.110220284068376e-06,6.16805689663879e-10,2.3439477530473596e-05,2.6831530171023132e-06,5.5006908951327205e-05,1.0,9.0
1841,1.45540038043599e-05,9.182324530732089e-07,9.51459310365859e-10,2.12925193965466e-06,1.20215727374107e-08,2.323142079041496e-06,2.48860775018431e-10,2.6927769539497604e-05,3.241374033069455e-06,5.436250830825884e-05,1.0,9.0
1842,1.36821377671273e-05,1.247533464032724e-06,1.87573617353614e-09,2.20349832892049e-06,1.92496288947317e-08,2.5212194580404024e-06,1.02499842475644e-09,2.9992522541988365e-05,3.7687526170948615e-06,5.21814090461703e-05,1.0,9.0
1843,1.26336249537996e-05,1.6302824300540308e-06,6.68976379425824e-10,2.20969227303597e-06,2.06757749103309e-08,2.721138237071763e-06,2.26332448123278e-09,3.3243936542248775e-05,4.35142017607415e-06,4.9904709157999605e-05,1.0,9.0
1844,1.19248214784664e-05,2.034257902072678e-06,1.02147635269695e-10,2.18240345088589e-06,6.39666230856269e-09,2.9330780550451685e-06,3.1804388062642e-10,3.6844734552232694e-05,4.967335716088428e-06,4.7362509576487355e-05,1.0,9.0
1845,1.19704217604881e-05,2.537997078055909e-06,1.22937080697984e-11,2.12337315359026e-06,3.6588912376924e-09,3.1176200560589784e-06,1.08150601450493e-10,3.990740353287947e-05,5.655616589161916e-06,4.644900946004782e-05,1.0,9.0
1846,8.55341291369077e-06,2.8961996530463274e-06,3.13858624125533e-10,1.700544614915e-06,7.28794814075636e-11,3.247439603060176e-06,1.73434597784945e-09,4.2388857536934665e-05,6.143638810129914e-06,4.481660835153889e-05,1.0,9.0
1847,4.72416166059095e-06,3.1885049540658628e-06,2.88347710335379e-10,1.17200790885643e-06,1.35358985196669e-10,3.342494057034795e-06,1.73122862372087e-09,4.424434953875789e-05,6.530998448162073e-06,4.3435908082756214e-05,1.0,9.0
1848,6.3328522998448e-07,3.3835398330350763e-06,5.24757606168281e-11,5.60411220247451e-07,3.52183620879961e-09,3.38176730207973e-06,9.03712367746322e-11,4.531840954768995e-05,6.765307077105653e-06,4.174700916337315e-05,1.0,9.0
1849,1.19990822833316e-13,3.2421975170726647e-06,3.40955325225326e-16,6.13159696627452e-15,4.15482264478489e-14,3.242197516073464e-06,1.3110231962001e-15,4.593497155269688e-05,6.484394690087214e-06,2.852230863936711e-05,1.0,9.0
1850,1.44710850671685e-05,5.729332620552086e-07,1.09406929740455e-12,2.01708643573581e-06,9.27868208815455e-09,2.110220283069175e-06,6.16805811387596e-10,2.3439477530473596e-05,2.683153015103912e-06,5.5006908951327205e-05,1.0,9.0
1851,1.45540037736397e-05,9.182324550716103e-07,9.51459151465302e-10,2.12925193817055e-06,1.20215643252216e-08,2.3231420810398973e-06,2.48860872542416e-10,2.6927769539497604e-05,3.241374030071853e-06,5.436250830825884e-05,1.0,9.0
1852,1.36821377815348e-05,1.2475334660866366e-06,1.87573603201759e-09,2.20349832773309e-06,1.92496264177228e-08,2.521219459039603e-06,1.02499827241418e-09,2.9992522541988365e-05,3.7687526170948615e-06,5.21814090461703e-05,1.0,9.0
1853,1.26336249024629e-05,1.6302824320524323e-06,6.68976293574588e-10,2.20969227224645e-06,2.06757657256613e-08,2.7211382430669673e-06,2.26332450640321e-09,3.3243936542248775e-05,4.351420180070953e-06,4.9904709157999605e-05,1.0,9.0
1854,1.19248214082502e-05,2.034257899075076e-06,1.0214776657886e-10,2.18240345016245e-06,6.39666413774728e-09,2.9330780560443692e-06,3.18043667636597e-10,3.6844734552232694e-05,4.9673357140900265e-06,4.7362509576487355e-05,1.0,9.0
1855,1.19704216416895e-05,2.5379970730599055e-06,1.22937069432446e-11,2.12337315300774e-06,3.65889683523848e-09,3.1176200560589784e-06,1.08150790098283e-10,3.990740353287947e-05,5.655616591160317e-06,4.644900946004782e-05,1.0,9.0
1856,8.55341283944114e-06,2.896199651047926e-06,3.13858623926057e-10,1.70054461323503e-06,7.2874019386754e-11,3.2474396040593767e-06,1.7343460090931e-09,4.2388857536934665e-05,6.143638810129914e-06,4.481660835153889e-05,1.0,9.0
1857,4.72416158809339e-06,3.1885049520674613e-06,2.88347696962847e-10,1.17200790811353e-06,1.35361447745064e-10,3.3424940550363935e-06,1.73122847838273e-09,4.424434953875789e-05,6.5309984431660695e-06,4.3435908082756214e-05,1.0,9.0
1858,6.33285168927852e-07,3.3835398320358756e-06,5.24757416238083e-11,5.60411219967401e-07,3.52183819318775e-09,3.38176730207973e-06,9.037130942126e-11,4.531841054244978e-05,6.765307081102456e-06,4.174700916337315e-05,1.0,9.0
1859,1.76355024333885e-13,3.242197513075862e-06,3.8421287432513e-16,7.15779432253205e-15,3.5001596889947e-14,3.2421975140750625e-06,1.13778293562997e-15,4.593497155269688e-05,6.484394690087214e-06,2.852230863936711e-05,1.0,9.0
1860,1.4471121194072e-05,5.72933478049098e-07,3.28326433722234e-12,2.01708911577996e-06,2.78358391270152e-08,2.1102218990542987e-06,1.85040700443774e-09,2.3439450529849637e-05,2.683154849081326e-06,5.50070089957444e-05,1.0,9.0
1861,1.45540160872395e-05,9.182336920821044e-07,9.34682763868696e-10,2.12925628631998e-06,5.3420369794388e-09,2.3231422180414185e-06,1.00680947096991e-09,2.6927761552997254e-05,3.2413754130766748e-06,5.436250830825884e-05,1.0,9.0
1862,1.36880908691995e-05,1.2486217290663681e-06,1.1126791726715e-09,2.20316897244519e-06,3.06245658834929e-08,2.518904247073017e-06,2.72662747457405e-09,3.0016522543974133e-05,3.7675256631120035e-06,5.213760960032232e-05,1.0,9.0
1863,1.26336108266126e-05,1.630287664033947e-06,7.9477525864284e-10,2.20968870363861e-06,5.16653184820461e-09,2.7211328940679458e-06,1.3222139889062e-09,3.3243961553353074e-05,4.351420061166067e-06,4.9904709157999605e-05,1.0,9.0
1864,1.19293387111712e-05,2.0380652410723066e-06,7.24183605287841e-10,2.18197801197918e-06,5.31743234775223e-09,2.9328053740562687e-06,8.68013647096087e-10,3.6803099533244676e-05,4.970870367104752e-06,4.745140904560685e-05,1.0,9.0
1865,1.19704356278684e-05,2.537996875051629e-06,3.68794986280203e-11,2.12337366583962e-06,1.0976661414728e-08,3.1176206750638258e-06,3.24452840650549e-10,3.990740054859998e-05,5.6556170111576876e-06,4.644900946004782e-05,1.0,9.0
1866,8.55341730256936e-06,2.8961978750796646e-06,3.4712534836599e-10,1.70054798463856e-06,7.18259097479883e-09,3.2474412440808287e-06,1.9328572996269e-09,4.2388844548213456e-05,6.143638678124397e-06,4.4816708395956084e-05,1.0,9.0
1867,4.72416726359339e-06,3.188503419071509e-06,3.40508260072789e-10,1.17201128528669e-06,7.32968810011848e-09,3.3424955130367806e-06,1.91758948541435e-09,4.424433853955634e-05,6.5309983661165916e-06,4.3435908082756214e-05,1.0,9.0
1868,6.33298585728075e-07,3.3835394180337097e-06,1.5742561737018e-10,5.60411564043948e-07,1.05655576449951e-08,3.3817678410374974e-06,2.71116180383779e-10,4.531840954768995e-05,6.76530719412316e-06,4.1746909118955955e-05,1.0,9.0
1869,1.71931045789275e-13,3.2421975110774603e-06,3.36113261382347e-16,6.84223728023015e-15,3.32149536824353e-14,3.242197513075862e-06,2.655211120417e-16,4.593497155269688e-05,6.484394690087214e-06,2.852230863936711e-05,1.0,9.0
1870,1.45165011967831e-05,5.780763220331053e-07,5.69322649632912e-11,2.01880864486385e-06,1.11834483849791e-08,2.108006157075515e-06,1.54765200018081e-11,2.345701253148036e-05,2.6860819480889475e-06,5.500960833160207e-05,1.0,9.0
1871,1.45610842235857e-05,9.194110300869696e-07,1.73190558398852e-09,2.12893840413444e-06,4.99060737178846e-09,2.3209152460457183e-06,6.52441139881995e-10,2.6952683555236945e-05,3.2403257831381538e-06,5.431920908449683e-05,1.0,9.0
1872,1.36880287611499e-05,1.2486189290839e-06,1.05597733144564e-09,2.20316122406359e-06,1.39407279687237e-08,2.5189040400719342e-06,1.61326840707426e-09,3.0016558554279982e-05,3.76752265407454e-06,5.213760960032232e-05,1.0,9.0
1873,1.26568100868819e-05,1.6314026210495491e-06,1.10121771540927e-09,2.21174366586111e-06,1.39812226286493e-08,2.7226074410524603e-06,1.66977602908454e-09,3.32281055364092e-05,4.354009564111472e-06,4.9949909225688316e-05,1.0,9.0
1874,1.19338993509366e-05,2.03871772208597e-06,9.34739193973491e-10,2.18234471532924e-06,3.0389520235658e-09,2.932808166045131e-06,1.37094266241401e-09,3.6821938550701816e-05,4.9715256431603905e-06,4.749520849145483e-05,1.0,9.0
1875,1.19744727244643e-05,2.5388731860753744e-06,4.12131228575324e-10,2.1231990522e-06,1.05403121030372e-08,3.115119896035523e-06,2.04385777004559e-09,3.9929061529164755e-05,5.6539925311627215e-06,4.640490806195885e-05,1.0,9.0
1876,8.55343550304997e-06,2.8961959130380244e-06,3.80384828446951e-10,1.70055178828156e-06,1.44380738682678e-08,3.247443408072037e-06,2.13136255275549e-09,4.2388830536310707e-05,6.14363888706837e-06,4.481660835153889e-05,1.0,9.0
1877,4.72418661775142e-06,3.188501644046937e-06,3.92660643864134e-10,1.17201503853207e-06,1.45240761222515e-08,3.3424974430484866e-06,2.10394781731943e-09,4.424432952987445e-05,6.530998518106124e-06,4.343580985732842e-05,1.0,9.0
1878,6.40285509419594e-07,3.3848221710486293e-06,2.23676176729115e-10,5.61363584730896e-07,1.40478686116118e-08,3.3793241120405604e-06,3.55302983162884e-10,4.53584295314613e-05,6.764146235127555e-06,4.1745108319446445e-05,1.0,9.0
1879,1.74732190522109e-13,3.2421975180718654e-06,5.23239780089767e-16,6.6829137709834e-15,7.99009567276771e-15,3.242197519071066e-06,1.21262253168462e-15,4.593497155269688e-05,6.484394690087214e-06,2.852230863936711e-05,1.0,9.0
1880,1.45198053320758e-05,5.782900670547875e-07,1.37421574929769e-10,2.01716580479621e-06,2.69396886087478e-08,2.1091242110582442e-06,3.38119928491131e-09,2.3503572549543605e-05,2.687413743096556e-06,5.507710920937825e-05,1.0,9.0
1881,1.45611256749783e-05,9.194180650706762e-07,1.7110968830418e-09,2.12894242707539e-06,1.23139421602991e-08,2.320911192066344e-06,5.95326412204168e-10,2.6952684549996775e-05,3.240328756093369e-06,5.431900899566244e-05,1.0,9.0
1882,1.36879999307897e-05,1.2486168080583226e-06,9.99282290317272e-10,2.20315590045768e-06,2.7431853486746e-09,2.5189044390860893e-06,4.99898116899532e-10,3.001657753998188e-05,3.7675209331178294e-06,5.2137709644739516e-05,1.0,9.0
1883,1.26407271050541e-05,1.6330418580734474e-06,1.25054395561468e-10,2.21003379010133e-06,1.55133199144668e-08,2.722288481082913e-06,9.43378226412627e-10,3.3219248535942825e-05,4.355329847105516e-06,5.003780825063586e-05,1.0,9.0
1884,1.19293730219338e-05,2.0377718370490072e-06,2.0271684367247e-10,2.1825927820066e-06,1.28126418925386e-08,2.9352647790692465e-06,6.41370662647829e-10,3.679962154023997e-05,4.973036369149142e-06,4.753910980070941e-05,1.0,9.0
1885,1.19780778488798e-05,2.5395605290357004e-06,3.14730535241482e-11,2.12353066861764e-06,7.27703343356221e-09,3.115089004079863e-06,2.10651065646965e-10,3.9948175555082344e-05,5.654648989161792e-06,4.6448109060293064e-05,1.0,9.0
1886,8.5573141739145e-06,2.8970093650659834e-06,3.92092686727446e-11,1.70048877640605e-06,7.22875041554336e-09,3.2449157740810364e-06,1.95644298227055e-10,4.2409941528376294e-05,6.141924704161639e-06,4.477220863918774e-05,1.0,9.0
1887,4.72421965361453e-06,3.1884996430364687e-06,4.44803486637821e-10,1.17201916594321e-06,2.1718405420268e-08,3.3424998370779058e-06,2.29029695870865e-09,4.424431753591307e-05,6.530998915121877e-06,4.3435908082756214e-05,1.0,9.0
1888,6.40265518908178e-07,3.3848228410682246e-06,1.11839699573901e-10,5.61363082185733e-07,7.0239186372007e-09,3.37932327204582e-06,1.77650432938489e-10,4.535842754194164e-05,6.764146056159603e-06,4.1745108319446445e-05,1.0,9.0
1889,1.51291305872103e-13,3.2421975170726647e-06,6.44791125603127e-17,6.69917680357068e-15,3.76121930909662e-15,3.242197519071066e-06,2.04163739408493e-16,4.593497155269688e-05,6.484394690087214e-06,2.852230863936711e-05,1.0,9.0
1890,1.45133517757632e-05,5.778968320546696e-07,9.15609793455193e-17,2.01763892849487e-06,3.04335549816681e-16,2.111715362074218e-06,5.16740919801958e-17,2.3454378549558896e-05,2.6896116621655253e-06,5.5163709475891665e-05,1.0,9.0
1891,1.45768988858141e-05,9.192420950543401e-07,5.44218337738643e-18,2.13096371213927e-06,5.91987938704241e-15,2.3232998300759533e-06,8.83624770575686e-17,2.693423854793764e-05,3.242541423142953e-06,5.436450919660274e-05,1.0,9.0
1892,1.37017852048398e-05,1.2473830190429247e-06,9.50714015162963e-17,2.20453814054967e-06,8.22448662993192e-16,2.5189567260386347e-06,9.85946350604006e-17,3.002640355020958e-05,3.7663394331088895e-06,5.204930857871659e-05,1.0,9.0
1893,1.2640711080374e-05,1.6330412670462202e-06,3.05935595054044e-17,2.21003279505847e-06,1.09287578986539e-16,2.7222884640409895e-06,6.80319922575709e-17,3.3219260529904204e-05,4.35532924214499e-06,5.003770820621867e-05,1.0,9.0
1894,1.19293593591726e-05,2.0377711260621822e-06,2.48773576608588e-18,2.18259206353081e-06,2.79142757086265e-15,2.9352650000591396e-06,1.96781000240225e-16,3.679962654246083e-05,4.9730358661070895e-06,4.75393080705544e-05,1.0,9.0
1895,1.1978070983533e-05,2.539560640058003e-06,1.33670269406201e-17,2.12353042376609e-06,2.49745970432036e-15,3.1150886820596746e-06,2.70322094786737e-17,3.9948176549842174e-05,5.654648789099603e-06,4.6448109060293064e-05,1.0,9.0
1896,8.55730731947474e-06,2.897009472035972e-06,2.8447178017062e-17,1.70048856429632e-06,2.27275880407274e-16,3.2449154980795925e-06,4.32647488798552e-17,4.2409940533616464e-05,6.141924523084263e-06,4.477230868360493e-05,1.0,9.0
1897,4.72852603281611e-06,3.1892519090637172e-06,1.17504645607853e-16,1.17211867151047e-06,2.01420369098926e-15,3.339968397075843e-06,8.50624366950659e-17,4.426504654020391e-05,6.529219740092351e-06,4.339150837040506e-05,1.0,9.0
1898,6.40258858664641e-07,3.384823061058917e-06,7.83209014678689e-18,5.61362915193066e-07,1.96403223545749e-15,3.3793229900491717e-06,7.79151726861341e-17,4.535842853670147e-05,6.764146000093341e-06,4.174520836386364e-05,1.0,9.0
1899,1.56506752002628e-13,3.2421975150742632e-06,2.59776534593421e-17,6.63970831440985e-15,1.95183496101703e-16,3.242197516073464e-06,1.33094287002068e-16,4.593497155269688e-05,6.484394690087214e-06,2.852230863936711e-05,1.0,9.0
1900,8.90247583126518e-06,4.334786907200794e-08,8.88477078223371e-17,1.23141671133686e-06,2.07794122620425e-16,1.7802737290462112e-06,6.48755239796277e-17,2.1035161552163117e-05,1.8236210641564554e-06,4.42616092186654e-05,1.0,9.5
1901,8.92002047903811e-06,3.434945430869085e-07,3.78610492532871e-19,1.35486007901111e-06,3.50153933625919e-15,1.9605488510432423e-06,6.25597359018345e-17,2.4369872534180104e-05,2.304042897138814e-06,4.159240961598698e-05,1.0,9.5
1902,8.52463182346317e-06,6.906425310537756e-07,3.29172620472986e-17,1.37127498156083e-06,1.02907726827819e-16,2.1665206310639284e-06,1.32331110316592e-16,2.8428082543996425e-05,2.857162847091921e-06,3.7856909330002964e-05,1.0,9.5
1903,7.82622023730946e-06,1.2774532290871221e-06,7.15447437689529e-17,1.22254963756121e-06,8.10712174476036e-17,2.3207527040658427e-06,5.25283247075018e-17,3.167210155652356e-05,3.598205436161628e-06,3.690270932565909e-05,1.0,9.5
1904,4.56072065512436e-06,1.713174420048258e-06,2.79671220942057e-17,8.02128908972415e-07,1.88553599816954e-15,2.4274364210374877e-06,1.85005971723969e-16,3.452297553963035e-05,4.140610581071513e-06,3.3664908187347464e-05,1.0,9.5
1905,5.36326414627948e-07,2.129774430037479e-06,1.87005816512436e-17,1.07381707729122e-07,1.98951776277448e-15,2.4809447940477014e-06,2.86284430677745e-17,3.777002353899661e-05,4.610718684072701e-06,3.216440927644726e-05,1.0,9.5
1906,5.55150198515257e-08,1.9592657210520947e-06,4.68220755000864e-17,2.5235250667539e-10,1.46323247572286e-15,2.1420245860381826e-06,3.91329221631487e-19,3.591003155634098e-05,4.101289853064571e-06,3.23354088322958e-05,1.0,9.5
1907,9.74765167040779e-07,1.775076575061263e-06,7.61544029470292e-17,9.98508009712198e-08,5.28566177371986e-15,2.0751169120813984e-06,2.0981006103489e-18,3.478667855461026e-05,3.850192919152562e-06,3.301080869277939e-05,1.0,9.5
1908,7.17761879911061e-07,2.107051363053891e-06,7.13000571263148e-17,1.02666538936763e-08,2.31763122148648e-15,1.883333586083502e-06,9.82600570462351e-18,3.44787575556893e-05,3.990384900065536e-06,3.486140849418007e-05,1.0,9.5
1909,1.57221891755599e-13,1.627627901068518e-06,1.24333848745091e-17,6.63293205083182e-15,3.03976407847045e-16,1.627627901068518e-06,7.47451518810349e-17,3.09905665289989e-05,3.2552554610765227e-06,3.679880865092855e-05,1.0,9.5
1910,8.93334264807726e-06,4.455815905135552e-08,5.4976554864465e-10,1.23721728936426e-06,9.58157054362801e-09,1.782068902056455e-06,6.86287076054843e-10,2.1048894552677666e-05,1.8266265261468462e-06,4.4254009480937384e-05,1.0,9.5
1911,8.8987711975112e-06,3.4197113107925503e-07,5.51144939810778e-10,1.35364821352606e-06,4.53449615070358e-09,1.9595989040332995e-06,1.1920285594898e-09,2.4375473543614135e-05,2.3015695380657064e-06,4.155680835538078e-05,1.0,9.5
1912,8.52914513449563e-06,6.900683050536927e-07,5.27553609251539e-10,1.37215385710586e-06,3.45740747711865e-09,2.168725585061093e-06,1.91500949807788e-10,2.8416110552598184e-05,2.8587935710921997e-06,3.789310903812293e-05,1.0,9.5
1913,7.82833511642873e-06,1.2775034220480208e-06,4.29857108492925e-10,1.22166100787777e-06,1.46060961465756e-08,2.320321516036117e-06,2.29484736690715e-09,3.166061154047384e-05,3.5978244431467132e-06,3.686200943775475e-05,1.0,9.5
1914,4.58295526291645e-06,1.7093803300616273e-06,1.51775559054781e-09,8.05722923875592e-07,6.92992333856511e-09,2.4263349220343677e-06,2.57566303856383e-10,3.45003155359791e-05,4.1357150041276824e-06,3.3677308238111436e-05,1.0,9.5
1915,5.34859534756255e-07,2.1309275780589942e-06,1.18996550763119e-09,1.09190144384513e-07,1.55797531514131e-08,2.4851082590648943e-06,2.31552110983713e-09,3.7774111547150824e-05,4.616035287119402e-06,3.218990968889557e-05,1.0,9.5
1916,5.55312300288234e-08,1.959266232032242e-06,3.07982796083458e-10,2.50563501425025e-10,1.55291827328295e-08,2.1420235930547094e-06,1.63762194135695e-09,3.591002754887995e-05,4.1012893781111615e-06,3.23354088322958e-05,1.0,9.5
1917,9.7309613155197e-07,1.7739643330405563e-06,1.0524527260925e-09,9.93135956121383e-08,1.09857773758403e-08,2.0701666770817084e-06,1.87290493221556e-09,3.475762053994913e-05,3.844130439079052e-06,3.3027508834493347e-05,1.0,9.5
1918,7.2599097771138e-07,2.1044964190752857e-06,1.47547042078592e-09,9.42012357186975e-09,1.10408646531568e-08,1.8794728330329136e-06,1.37668902315379e-09,3.444765553695106e-05,3.983969196097448e-06,3.487910908006597e-05,1.0,9.5
1919,1.39364648293894e-13,1.6276279000693172e-06,1.66162453262876e-17,6.50770669990974e-15,2.52236247296964e-15,1.6276278990701165e-06,1.42409955355971e-16,3.09905665289989e-05,3.2552554610765227e-06,3.679880865092855e-05,1.0,9.5
1920,8.93035038069566e-06,4.1005585038611514e-08,3.21799672596888e-09,1.2350932809308e-06,8.48053434720125e-09,1.7812852780574318e-06,3.30371155744768e-10,2.1010746536376246e-05,1.8222903250819655e-06,4.4307709686108865e-05,1.0,9.5
1921,8.88923650751013e-06,3.369334220515441e-07,9.43603672252795e-10,1.35175753353527e-06,1.05296654705968e-08,1.960527587052674e-06,1.50508283104723e-10,2.434328254707907e-05,2.297460524158801e-06,4.1543908082530834e-05,1.0,9.5
1922,8.54394165780063e-06,6.883790940603873e-07,1.56290182402071e-09,1.37470101769932e-06,1.42625092442922e-08,2.1691277420354815e-06,2.87535973556731e-09,2.8424451528508143e-05,2.8575065180724835e-06,3.792330971919e-05,1.0,9.5
1923,7.83028118031017e-06,1.275145646073561e-06,3.24896930724902e-11,1.22101638074959e-06,1.34404152676924e-10,2.318326858041786e-06,1.4554449423907e-09,3.1657254538686175e-05,3.593472006069298e-06,3.6897208701702766e-05,1.0,9.5
1924,4.5830108784976e-06,1.70938712906743e-06,2.01263096950196e-09,8.05730692511559e-07,2.7679164338692e-08,2.426329730076393e-06,1.97152478531366e-09,3.450030754947875e-05,4.135716605069284e-06,3.3677508326945826e-05,1.0,9.5
1925,5.61720663800388e-07,2.133541256055249e-06,1.36877898619287e-09,1.12707626195001e-07,2.59983653418754e-08,2.4904493220456736e-06,1.75309681883462e-09,3.779311754215087e-05,4.623990021102031e-06,3.2209309210884385e-05,1.0,9.5
1926,3.16689854574712e-08,1.968132677054868e-06,7.90771992476273e-10,2.12622406508579e-09,2.80785016853297e-09,2.1468641420718804e-06,6.93955047759994e-11,3.595513854293131e-05,4.114996380089053e-06,3.233750976505689e-05,1.0,9.5
1927,9.93865664914665e-07,1.775612010035399e-06,4.30722061425224e-10,1.00372999303647e-07,1.51446423818382e-08,2.0705248170438395e-06,1.63062457197195e-09,3.474861554764175e-05,3.846136261143052e-06,3.306290818727575e-05,1.0,9.5
1928,7.25975779217007e-07,2.104501344080134e-06,1.05392373652619e-09,9.42168700213608e-09,7.88635099538843e-09,1.879468203069834e-06,9.83348609122378e-10,3.444766053917192e-05,3.983969495080508e-06,3.487910908006597e-05,1.0,9.5
1929,1.31973425243626e-13,1.6276279020677187e-06,4.90762631067906e-16,6.21957997257172e-15,1.33177635044078e-14,1.6276279040661201e-06,1.31784943472203e-15,3.09905665289989e-05,3.2552554610765227e-06,3.679880865092855e-05,1.0,9.5
1930,8.95457442454136e-06,3.93398140730028e-08,1.51890953687355e-09,1.23998542706248e-06,2.75815520539276e-08,1.7800113860655387e-06,1.96379662522859e-09,2.1021290535827575e-05,1.8193506661212666e-06,4.438220821612049e-05,1.0,9.5
1931,8.88922800099131e-06,3.369290120791568e-07,7.39727645150593e-11,1.35176075975006e-06,1.06542972478531e-08,1.9605264830468982e-06,1.5757761930256e-09,2.4343264556137e-05,2.297455012123528e-06,4.154380985710304e-05,1.0,9.5
1932,8.57100530750403e-06,6.848758270505684e-07,6.80952000245523e-11,1.37940712804525e-06,2.21832918177934e-08,2.168537386049163e-06,1.98470800453517e-09,2.840593754172005e-05,2.8534129010715503e-06,3.793330870394129e-05,1.0,9.5
1933,7.83030428166867e-06,1.2751516310638422e-06,6.53169741214395e-10,1.22101715592209e-06,1.86916859879917e-08,2.3183329820319898e-06,3.31177759696795e-10,3.1657262553608234e-05,3.5934841111640026e-06,3.6897208701702766e-05,1.0,9.5
1934,4.5674353575712e-06,1.7097505980445682e-06,3.05598544292012e-09,8.00591175123671e-07,1.26350158003523e-08,2.421272374042438e-06,1.82387281923239e-09,3.4535141537617164e-05,4.131022722120292e-06,3.3633708881097846e-05,1.0,9.5
1935,5.56532637866836e-07,2.1335738140670912e-06,7.8389279346454e-11,1.11664740792697e-07,3.43079939421449e-08,2.4888685620783058e-06,4.59857564932396e-09,3.7786044543963726e-05,4.6224418270846e-06,3.22130090353312e-05,1.0,9.5
1936,3.16966073210349e-08,1.9681359500478557e-06,1.09205059791382e-09,2.12398363523894e-09,1.84190150813928e-08,2.146860200058498e-06,1.7199227124559e-09,3.595513155119079e-05,4.114995702075852e-06,3.233770985389128e-05,1.0,9.5
1937,9.81600277916075e-07,1.7712443150519341e-06,8.54210726757428e-10,9.91618485993422e-08,1.22417131436065e-08,2.068132116062049e-06,1.12914191905152e-09,3.471536754773297e-05,3.839375869119088e-06,3.308220948383678e-05,1.0,9.5
1938,7.25965661461415e-07,2.1045046320611327e-06,6.32360510131215e-10,9.42272754776968e-09,4.73175416098361e-09,1.8794651160392029e-06,5.90008801188781e-10,3.444765954441209e-05,3.983969688148292e-06,3.487900903564878e-05,1.0,9.5
1939,1.46781892196302e-13,1.627627897071715e-06,3.15354177911039e-16,6.9207335175181e-15,3.66047930898741e-14,1.627627897071715e-06,2.12546824487469e-16,3.09905665289989e-05,3.2552554610765227e-06,3.679880865092855e-05,1.0,9.5
1940,8.96082834136674e-06,4.5640585033535075e-08,1.43469473767934e-09,1.23947833874097e-06,3.31309163607239e-09,1.7816907450507458e-06,4.44268357608939e-10,2.106129355183839e-05,1.82733080011932e-06,4.4358608647598885e-05,1.0,9.5
1941,8.90556566441556e-06,3.421044170726084e-07,1.04719709417231e-09,1.3545735781091e-06,2.44074278110578e-08,1.962979261083131e-06,4.1643372394016e-09,2.438904255086527e-05,2.3050831791104898e-06,4.156590875936672e-05,1.0,9.5
1942,8.54213326932526e-06,6.845743490413447e-07,4.11983793369951e-10,1.37498421054059e-06,2.00039214765839e-08,2.167032988054096e-06,1.01916258303768e-09,2.840715154661666e-05,2.8516070270656613e-06,3.7980309571139514e-05,1.0,9.5
1943,7.84851949405484e-06,1.274707962073407e-06,1.78433611824841e-09,1.22239547136839e-06,4.2022190961861e-09,2.319411698037399e-06,6.73074786892972e-10,3.1661869542176646e-05,3.594119159067155e-06,3.6897208701702766e-05,1.0,9.5
1944,4.57103534431762e-06,1.7098480830646245e-06,3.46279268930384e-09,7.99588803279263e-07,6.35157376582032e-09,2.4207987020519184e-06,6.1934543073978e-10,3.452348553878437e-05,4.130646548139438e-06,3.35932090820279e-05,1.0,9.5
1945,5.47004187317207e-07,2.1279798970708086e-06,2.53445902238765e-10,1.11357568221681e-07,1.16043770582031e-08,2.487320402033699e-06,1.44428694694263e-09,3.7750354550780685e-05,4.615299747157131e-06,3.223410931241233e-05,1.0,9.5
1946,2.34753120089727e-08,1.967331726082655e-06,1.123209077028e-09,3.73685345167463e-09,1.21694171460014e-08,2.1423288520394657e-06,3.83667028658693e-11,3.592995253143272e-05,4.109660127094017e-06,3.235170879634097e-05,1.0,9.5
1947,9.81581637154831e-07,1.7712419620452557e-06,2.8474019147978e-10,9.91599695963127e-08,4.08058801271225e-09,2.0681345840323218e-06,3.76383294727247e-10,3.471537354471366e-05,3.839375984138194e-06,3.308230952825397e-05,1.0,9.5
1948,7.25960602356371e-07,2.1045062690849825e-06,2.10788898269732e-10,9.42324786560797e-09,1.57721606214051e-09,1.8794635770480461e-06,1.96669253726286e-10,3.444765954441209e-05,3.9839697880683644e-06,3.487910908006597e-05,1.0,9.5
1949,1.19742757376251e-13,1.6276279030669194e-06,3.50242617975496e-16,6.22006786354934e-15,4.07789579014162e-14,1.6276279030669194e-06,1.29128394039729e-15,3.09905665289989e-05,3.2552554610765227e-06,3.679880865092855e-05,1.0,9.5
1950,8.96082822378222e-06,4.564058303513363e-08,1.43469488538444e-09,1.23947833786202e-06,3.31309974848639e-09,1.781690744051545e-06,4.44268270831261e-10,2.106129355183839e-05,1.8273307971217179e-06,4.4358608647598885e-05,1.0,9.5
1951,8.90556562460761e-06,3.421044200702106e-07,1.04719699394763e-09,1.35457357641215e-06,2.44074170988964e-08,1.9629792620823316e-06,4.16433733537128e-09,2.438904255086527e-05,2.305083178111289e-06,4.156590875936672e-05,1.0,9.5
1952,8.5421332635849e-06,6.845743510397462e-07,4.11983982779118e-10,1.37498420960244e-06,2.00039181461045e-08,2.1670329900524976e-06,1.01916245053208e-09,2.840715154661666e-05,2.8516070260664605e-06,3.7980309571139514e-05,1.0,9.5
1953,7.84851943101878e-06,1.274707962073407e-06,1.78433617380932e-09,1.22239547057995e-06,4.20222746281841e-09,2.319411702034202e-06,6.7307476626179e-10,3.1661869542176646e-05,3.5941191610655565e-06,3.6897208701702766e-05,1.0,9.5
1954,4.5710352755083e-06,1.709848081066223e-06,3.46279258339137e-09,7.99588802612614e-07,6.35157105124235e-09,2.42079870405032e-06,6.19345627006631e-10,3.452348553878437e-05,4.1306465441426354e-06,3.359330912644509e-05,1.0,9.5
1955,5.47004064561235e-07,2.1279798910756043e-06,2.53445890023914e-10,1.11357567155449e-07,1.16043802997373e-08,2.4873204010344985e-06,1.44428703032455e-09,3.7750353556020855e-05,4.615299747157131e-06,3.223410931241233e-05,1.0,9.5
1956,2.3475241877572e-08,1.9673317240842536e-06,1.12320906404172e-09,3.73685511917757e-09,1.21694134030238e-08,2.142328854037867e-06,3.83667522834655e-11,3.592995253143272e-05,4.109660127094017e-06,3.235170879634097e-05,1.0,9.5
1957,9.81581558773086e-07,1.7712419600468543e-06,2.84740133771002e-10,9.91599690389243e-08,4.08058789195924e-09,2.0681345840323218e-06,3.76383287553725e-10,3.471537354471366e-05,3.839375978142989e-06,3.308230952825397e-05,1.0,9.5
1958,7.25960542849718e-07,2.1045062690849825e-06,2.10788891118232e-10,9.42324840868484e-09,1.57721787460128e-09,1.8794635760488454e-06,1.96669317953406e-10,3.444766053917192e-05,3.983969792065167e-06,3.487910908006597e-05,1.0,9.5
1959,1.76063590789921e-13,1.6276279000693172e-06,3.91779419642952e-16,7.23661582047175e-15,3.45506772064103e-14,1.6276278990701165e-06,1.13731876157487e-15,3.09905665289989e-05,3.2552554610765227e-06,3.679880865092855e-05,1.0,9.5
1960,8.95457439325094e-06,3.9339812074601355e-08,1.51890955738007e-09,1.23998542237993e-06,2.75815476978133e-08,1.7800113860655387e-06,1.96379680453276e-09,2.1021291530587405e-05,1.8193506711172702e-06,4.438220821612049e-05,1.0,9.5
1961,8.88922793313525e-06,3.369290120791568e-07,7.39728542651616e-11,1.35176075875562e-06,1.06543004508981e-08,1.9605264860445004e-06,1.57577634780223e-09,2.4343264556137e-05,2.297455005129123e-06,4.154380985710304e-05,1.0,9.5
1962,8.5710052474254e-06,6.848758290489698e-07,6.80949971650848e-11,1.37940712972751e-06,2.21832924420567e-08,2.168537386049163e-06,1.98470774763347e-09,2.840593754172005e-05,2.8534128940771453e-06,3.793330870394129e-05,1.0,9.5
1963,7.83030422382702e-06,1.27515162806624e-06,6.53169745585615e-10,1.22101715355579e-06,1.86916826531349e-08,2.318332985085103e-06,3.31177523207737e-10,3.1657262553608234e-05,3.5934841071671997e-06,3.6897208701702766e-05,1.0,9.5
1964,4.56743530969327e-06,1.709750599043769e-06,3.05598554877329e-09,8.00591174387457e-07,1.26350158093783e-08,2.4212723730432373e-06,1.82387267704774e-09,3.4535141537617164e-05,4.131022722120292e-06,3.3633708881097846e-05,1.0,9.5
1965,5.5653260391266e-07,2.1335738100702883e-06,7.83891754496044e-11,1.11664739867466e-07,3.43079934415823e-08,2.488868564076707e-06,4.59857576326345e-09,3.7786044543963726e-05,4.6224418270846e-06,3.22130090353312e-05,1.0,9.5
1966,3.16966056166691e-08,1.9681359510470564e-06,1.09205056547119e-09,2.12398533965897e-09,1.8419025000501e-08,2.1468601990592973e-06,1.71992292321041e-09,3.595513155119079e-05,4.1149957040742535e-06,3.233770985389128e-05,1.0,9.5
1967,9.81600236166918e-07,1.7712443110551312e-06,8.54210710572111e-10,9.91618484168168e-08,1.22417131751635e-08,2.0681321180604506e-06,1.12914201586484e-09,3.471536754773297e-05,3.839375864123085e-06,3.308220948383678e-05,1.0,9.5
1968,7.25965627718442e-07,2.1045046320611327e-06,6.3236055437344e-10,9.42272742362853e-09,4.73175681610664e-09,1.8794651180376043e-06,5.9000880689863e-10,3.444765954441209e-05,3.983969686149891e-06,3.487900903564878e-05,1.0,9.5
1969,1.71984822217031e-13,1.6276278980709158e-06,3.19519885945635e-16,6.89102637799199e-15,3.38106685661074e-14,1.6276279000693172e-06,1.8304212583576e-16,3.09905665289989e-05,3.2552554610765227e-06,3.679880865092855e-05,1.0,9.5
1970,8.93035024943372e-06,4.100558304021007e-08,3.217996741454e-09,1.23509328031769e-06,8.48053077171933e-09,1.7812852820542346e-06,3.30371306418377e-10,2.1010746536376246e-05,1.8222903250819655e-06,4.4307709686108865e-05,1.0,9.5
1971,8.88923652860081e-06,3.3693342504914625e-07,9.43603666387846e-10,1.35175753326254e-06,1.05296653304162e-08,1.960527587052674e-06,1.5050832991854e-10,2.434328254707907e-05,2.2974605191627973e-06,4.1543908082530834e-05,1.0,9.5
1972,8.54394165347532e-06,6.883790950595881e-07,1.5629018566508e-09,1.37470101756969e-06,1.4262511839032e-08,2.1691277450330837e-06,2.87535956334518e-09,2.8424451528508143e-05,2.857506516074082e-06,3.792330971919e-05,1.0,9.5
1973,7.83028113673272e-06,1.2751456490711632e-06,3.24895403692317e-11,1.22101637970421e-06,1.34400396607575e-10,2.3183268600401874e-06,1.45544497981601e-09,3.1657255533446005e-05,3.5934720020724953e-06,3.6897208701702766e-05,1.0,9.5
1974,4.5830108140858e-06,1.7093871270690286e-06,2.01263102365055e-09,8.05730691732668e-07,2.76791636323614e-08,2.4263297280779916e-06,1.97152496198271e-09,3.450030754947875e-05,4.135716607067685e-06,3.3677508326945826e-05,1.0,9.5
1975,5.6172062240338e-07,2.133541256055249e-06,1.36877892552085e-09,1.12707625521196e-07,2.59983582012995e-08,2.490449321046473e-06,1.75309666722207e-09,3.779311754215087e-05,4.623990017105228e-06,3.2209309210884385e-05,1.0,9.5
1976,3.1668937817194e-08,1.9681326750564665e-06,7.9077207154214e-10,2.12622605226575e-09,2.80784526354814e-09,2.146864143071081e-06,6.93952017719854e-11,3.595513854293131e-05,4.114996381088254e-06,3.233750976505689e-05,1.0,9.5
1977,9.93865657084123e-07,1.7756120110345996e-06,4.30722013669719e-10,1.00372998650144e-07,1.51446386553608e-08,2.0705248180430402e-06,1.63062465904524e-09,3.474861554764175e-05,3.846136262142252e-06,3.306290818727575e-05,1.0,9.5
1978,7.25975763614904e-07,2.104501341082532e-06,1.05392371769453e-09,9.42168707911443e-09,7.8863444399294e-09,1.879468203069834e-06,9.83348555518745e-10,3.444766053917192e-05,3.983969493082107e-06,3.487920912448317e-05,1.0,9.5
1979,1.74137180369849e-13,1.6276279040661201e-06,5.28354165025289e-16,6.73387127309022e-15,9.2585037943585e-15,1.6276279050653208e-06,1.31861345844045e-15,3.09905665289989e-05,3.2552554610765227e-06,3.679880865092855e-05,1.0,9.5
1980,8.93334258202997e-06,4.4558158052154795e-08,5.49765583615848e-10,1.23721728961514e-06,9.58157330616159e-09,1.7820689040548565e-06,6.86287003099895e-10,2.1048894552677666e-05,1.8266265241484447e-06,4.4254009480937384e-05,1.0,9.5
1981,8.89877119022094e-06,3.4197113107925503e-07,5.51144983937542e-10,1.35364821617235e-06,4.53449664009889e-09,1.9595989050325002e-06,1.19202852115351e-09,2.4375473543614135e-05,2.301569539064907e-06,4.155680835538078e-05,1.0,9.5
1982,8.52914510493752e-06,6.900683040544919e-07,5.27553621758536e-10,1.3721538575911e-06,3.45740462400336e-09,2.168725585061093e-06,1.91501268711034e-10,2.8416110552598184e-05,2.8587935690937982e-06,3.789310903812293e-05,1.0,9.5
1983,7.82833510732501e-06,1.2775034240464223e-06,4.29857169813399e-10,1.22166100585623e-06,1.460609626144e-08,2.320321515036916e-06,2.29484707689662e-09,3.166061154047384e-05,3.5978244391499103e-06,3.686200943775475e-05,1.0,9.5
1984,4.58295522926672e-06,1.7093803260648244e-06,1.51775572668422e-09,8.05722922811949e-07,6.92992135518326e-09,2.426334925087481e-06,2.57566078737895e-10,3.45003155359791e-05,4.1357150041276824e-06,3.3677308238111436e-05,1.0,9.5
1985,5.34859528227623e-07,2.130927582055797e-06,1.18996563834034e-09,1.09190144004066e-07,1.55797532251422e-08,2.485108260064095e-06,2.3155211537668e-09,3.7774111547150824e-05,4.616035289117804e-06,3.218990968889557e-05,1.0,9.5
1986,5.55312295786627e-08,1.9592662290346397e-06,3.07982810339658e-10,2.50565163344325e-10,1.55291832850882e-08,2.1420235890579065e-06,1.63762199699601e-09,3.591002754887995e-05,4.1012893781111615e-06,3.23354088322958e-05,1.0,9.5
1987,9.7309613561556e-07,1.7739643330405563e-06,1.05245267992708e-09,9.93135959320322e-08,1.09857854712595e-08,2.070166675083307e-06,1.87290480119989e-09,3.475762053994913e-05,3.844130438079851e-06,3.3027508834493347e-05,1.0,9.5
1988,7.25990979260054e-07,2.104496418076085e-06,1.47547038780775e-09,9.42012331870854e-09,1.10408720903365e-08,1.8794728330329136e-06,1.37668910707697e-09,3.444765553695106e-05,3.983969196097448e-06,3.487910908006597e-05,1.0,9.5
1989,1.51371970513736e-13,1.6276279030669194e-06,8.4138747266085e-17,6.61352483194433e-15,1.66889885157978e-15,1.6276279050653208e-06,1.80360419524753e-16,3.09905665289989e-05,3.2552554610765227e-06,3.679880865092855e-05,1.0,9.5
1990,8.90247582414276e-06,4.334786907200794e-08,9.29276934756937e-17,1.23141671100177e-06,1.6304232269837e-15,1.7802737290462112e-06,3.97360096215937e-17,2.1035161552163117e-05,1.8236210641564554e-06,4.42616092186654e-05,1.0,9.5
1991,8.92002047230635e-06,3.434945430869085e-07,1.87696148364449e-17,1.35486007929723e-06,2.43953620325532e-15,1.9605488510432423e-06,7.77339076354217e-17,2.4369871539420274e-05,2.304042897138814e-06,4.159240961598698e-05,1.0,9.5
1992,8.52463183269965e-06,6.906425310537756e-07,3.32231732901554e-17,1.37127498148228e-06,3.44220637236992e-16,2.1665206310639284e-06,1.97214681109219e-16,2.8428082543996425e-05,2.85716284609272e-06,3.7856909330002964e-05,1.0,9.5
1993,7.82622022811597e-06,1.2774532280324102e-06,8.39655290283715e-17,1.222549637648e-06,9.20934877836344e-16,2.3207527040658427e-06,7.85792465167814e-17,3.167210155652356e-05,3.5982054371608285e-06,3.690270932565909e-05,1.0,9.5
1994,4.56072065431945e-06,1.713174420048258e-06,2.50315176572591e-17,8.02128909149614e-07,2.76849669491458e-15,2.4274364210374877e-06,1.93053208239358e-16,3.452297553963035e-05,4.140610581071513e-06,3.3664908187347464e-05,1.0,9.5
1995,5.36326406482554e-07,2.129774429038278e-06,2.44157247046052e-19,1.07381707708116e-07,2.38615279878757e-15,2.4809447940477014e-06,2.60183110408103e-17,3.777002353899661e-05,4.610718684072701e-06,3.216440927644726e-05,1.0,9.5
1996,5.55150111197951e-08,1.9592657210520947e-06,2.89757265761487e-17,2.52352388009462e-10,1.27240611710183e-15,2.1420245860381826e-06,5.1008324083654e-18,3.591003255110081e-05,4.101289853064571e-06,3.23354088322958e-05,1.0,9.5
1997,9.74765173249355e-07,1.775076575061263e-06,1.03141084404788e-16,9.98508010769295e-08,2.75139340564362e-15,2.0751169120813984e-06,1.6940658945086e-21,3.478667855461026e-05,3.850192918153361e-06,3.301080869277939e-05,1.0,9.5
1998,7.17761880123565e-07,2.107051363053891e-06,6.30823552302904e-17,1.02666539538495e-08,1.8289406447658e-15,1.8833335850843014e-06,3.40930761269856e-17,3.44787575556893e-05,3.990384899066335e-06,3.486140849418007e-05,1.0,9.5
1999,1.56785175120522e-13,1.627627901068518e-06,2.42293774562093e-17,6.57682458840569e-15,1.67319500268825e-16,1.627627901068518e-06,1.17369967369239e-16,3.09905665289989e-05,3.2552554610765227e-06,3.679880865092855e-05,1.0,9.5
2000,4.21795897035388e-06,1.140266099319831e-07,6.6517378233872e-17,6.64666708069831e-07,8.66785755584271e-16,1.166013821052303e-06,1.244236342375e-16,1.8298232532742986e-05,1.0519866840974501e-06,3.230810943932738e-05,1.0,10.0
2001,3.23588558599763e-06,3.5607551707173e-07,2.53830230954798e-17,5.89577199486975e-07,1.2913254450117e-15,1.2604460260523531e-06,9.5942998419021e-17,2.168802853930174e-05,1.6165210481311476e-06,3.168650982843246e-05,1.0,10.0
2002,1.99666077226333e-06,3.035947680474216e-07,3.28156975029669e-17,4.32163960637844e-07,3.97200854021854e-16,8.440424310585115e-07,1.54128656181234e-16,1.9287022553271527e-05,1.147636887077752e-06,3.288200969109312e-05,1.0,10.0
2003,1.13188777226241e-06,1.2651492803383846e-07,3.09574660353686e-17,2.82383998655622e-07,8.01808164134499e-16,5.763587760387878e-07,1.23197977562823e-16,1.720708652896974e-05,7.028731960900814e-07,3.365510929143056e-05,1.0,10.0
2004,1.55027700959659e-06,5.5127396036969145e-08,3.409942887409e-18,3.32701260828184e-07,2.07982502747894e-15,3.7762975707567037e-07,1.91944865627876e-16,1.6357068545858056e-05,4.3275690608801654e-07,3.3181009712279774e-05,1.0,10.0
2005,8.18639097678294e-07,1.8994722961185317e-08,1.51978886561103e-18,1.5262724926084e-07,2.59146680893843e-15,2.2056857607033464e-07,6.77681414945012e-17,1.4743298550001782e-05,2.0157329716496974e-07,3.5003509765374474e-05,1.0,10.0
2006,1.13369815546568e-06,6.214216008437745e-08,4.34422022823049e-17,2.61589500146549e-07,1.39649644387459e-15,9.737115608254854e-08,3.00552700674243e-17,1.3996455550113751e-05,1.5951284915161068e-07,3.6235409424989484e-05,1.0,10.0
2007,5.98915750301202e-07,4.996868918638597e-09,6.39601990010011e-17,4.51899613123632e-08,4.36970744961337e-15,1.319991693726763e-08,1.41844137347205e-17,1.3245722556121109e-05,1.8197352846804904e-08,3.6061808714293875e-05,1.0,10.0
2008,5.91671337106872e-08,4.4001903953816424e-08,6.94377493126578e-17,2.09533093601121e-07,2.49829657287225e-15,8.300103693237304e-08,2.4986201394581e-17,1.3138999548800712e-05,1.270030128841526e-07,3.4061009500874206e-05,1.0,10.0
2009,1.58744545286638e-13,3.7435948796460394e-07,4.19144724828134e-17,6.5855524158942e-15,1.2623907995335e-15,3.743594869654032e-07,4.8546846338933e-17,7.995548543249242e-06,7.487193288691074e-07,3.2062409445643425e-05,1.0,10.0
2010,4.21238859303944e-06,1.1086607093480083e-07,1.42989786088189e-10,6.61699999108705e-07,2.81801183989492e-08,1.1663788590521307e-06,3.76795961023323e-09,1.8334928540753026e-05,1.055512265146774e-06,3.2313908377545886e-05,1.0,10.0
2011,3.25486130359551e-06,3.5851709506706797e-07,5.24002741457006e-10,5.89563817440053e-07,2.52914138155645e-08,1.2610700630411031e-06,1.79032483486212e-09,2.1710721540557643e-05,1.6195866601176334e-06,3.167410977766849e-05,1.0,10.0
2012,2.01590363920086e-06,3.0533324008041873e-07,1.59205333482287e-09,4.35399031110216e-07,1.88781100859386e-09,8.513186630643155e-07,2.31244449315677e-10,1.9338275535574212e-05,1.1566515881744621e-06,3.28487094520824e-05,1.0,10.0
2013,1.16716571529907e-06,1.2675390803629227e-07,1.19982957640539e-10,2.85380567605886e-07,2.00562477063724e-08,5.815331700631532e-07,1.78916947992772e-09,1.7241408528434476e-05,7.082865741692146e-07,3.3635709769441746e-05,1.0,10.0
2014,1.55367748154054e-06,5.541836806122191e-08,7.68233121392655e-10,3.32530664809319e-07,1.62502068309327e-08,3.7607137504114263e-07,2.85050033453822e-09,1.6364426528525655e-05,4.314895001300556e-07,3.315190951980185e-05,1.0,10.0
2015,8.20189577901021e-07,1.9179548949033176e-08,5.61664998653116e-10,1.52336060006898e-07,1.66589396849528e-08,2.1923241205756838e-07,1.58055970538406e-09,1.4738598537178405e-05,2.0005230316755274e-07,3.495060809655115e-05,1.0,10.0
2016,1.1336965144563e-06,6.214261905057583e-08,1.59051435906046e-11,2.61587884192759e-07,1.62717534397597e-09,9.737250605823533e-08,1.69520616753602e-09,1.3996463536614101e-05,1.595146671418135e-07,3.623530938057229e-05,1.0,10.0
2017,5.98914855433471e-07,4.996802915879783e-09,1.2402627736742e-11,4.51906809250194e-08,9.95850554241242e-10,1.319940295951838e-08,7.95969014398868e-10,1.3245722556121109e-05,1.819677686309973e-08,3.606190875871107e-05,1.0,10.0
2018,4.51423797457468e-08,4.3073295930007305e-08,7.97141977493768e-10,2.09047220450732e-07,1.12512047876845e-08,8.253488992249203e-08,1.28870377856398e-09,1.3132777553437336e-05,1.2560825890517435e-07,3.408950942684896e-05,1.0,10.0
2019,1.39814375355041e-13,3.7435948896380467e-07,5.06417705757297e-17,6.43902249228279e-15,2.68388149161566e-15,3.743594899630054e-07,1.24385941271347e-16,7.995548543249242e-06,7.487193288691074e-07,3.2062409445643425e-05,1.0,10.0
2020,4.22142908928534e-06,1.1003950395327422e-07,1.69345378414907e-09,6.62523171832843e-07,3.13784239148917e-08,1.1643634810765136e-06,3.28576338103921e-09,1.8327787529415218e-05,1.054323448101968e-06,3.227560955565423e-05,1.0,10.0
2021,3.22501319258687e-06,3.5903498207812135e-07,1.00561835544243e-09,5.84017966341898e-07,1.81762906135689e-08,1.2596750700866188e-06,5.0534768836277e-10,2.1699870529801046e-05,1.618709563167009e-06,3.170000854879618e-05,1.0,10.0
2022,2.05462252592266e-06,3.062166770706476e-07,1.28027289524135e-09,4.40205379976226e-07,1.36354297078763e-09,8.509171930404236e-07,9.65313598904313e-10,1.9364548535349968e-05,1.1571335520876858e-06,3.2789408578537405e-05,1.0,10.0
2023,1.18872630360553e-06,1.269001290715721e-07,7.59564606244372e-11,2.90831793543168e-07,7.07454672333575e-09,5.875182160774983e-07,9.09461060390673e-10,1.7270998540652727e-05,7.144178391094158e-07,3.361900962772779e-05,1.0,10.0
2024,1.56817904032724e-06,5.3647495057429495e-08,1.19032473982868e-09,3.36375898982465e-07,6.66505656601087e-09,3.75377399053356e-07,2.98221232530392e-09,1.6341612536052708e-05,4.2902464714167365e-07,3.317140908620786e-05,1.0,10.0
2025,8.25877280353268e-07,2.1249769943665342e-08,1.71505953548599e-10,1.54327970821032e-07,4.84854155199374e-09,2.1805768107840962e-07,2.54590209129093e-10,1.4713566542923218e-05,1.9680734508753517e-07,3.497040961519815e-05,1.0,10.0
2026,1.13549929223666e-06,6.255851403569324e-08,2.42606840051263e-10,2.61783217449463e-07,2.6719140865824e-09,9.716732707332199e-08,2.49162258607552e-09,1.400820954700066e-05,1.5972539513242623e-07,3.625920908234548e-05,1.0,10.0
2027,5.97288409478341e-07,3.990456964864109e-09,4.52282285067403e-10,4.50218146721428e-08,1.30626804038035e-08,1.080811995457509e-08,1.75099078135954e-09,1.3271076539922433e-05,1.4799138914334264e-08,3.604220910347067e-05,1.0,10.0
2028,4.34500655212278e-08,4.4023176937191266e-08,5.73501988390417e-10,2.08704606726476e-07,1.46702565778634e-10,8.482441893331583e-08,1.30356703318062e-09,1.3107866550399194e-05,1.2884766986687168e-07,3.4109209082089365e-05,1.0,10.0
2029,1.31929623475857e-13,3.743594869654032e-07,4.90482474920602e-16,6.26484541327299e-15,1.09089745971378e-14,3.743594869654032e-07,1.36290142312059e-15,7.995548543249242e-06,7.487193288691074e-07,3.2062409445643425e-05,1.0,10.0
2030,4.25268439671283e-06,1.0950299694778565e-07,2.57057184199132e-09,6.64873533889289e-07,1.86995239078054e-08,1.1660235890720294e-06,1.01240359386397e-10,1.832918053423782e-05,1.0565200661005747e-06,3.230260881537106e-05,1.0,10.0
2031,3.21426525724006e-06,3.553018590451984e-07,8.65054533731989e-10,5.83772513555438e-07,2.73009685756214e-08,1.2560678670503478e-06,7.66442850676973e-10,2.1644685546107212e-05,1.6113692461461326e-06,3.170490890624933e-05,1.0,10.0
2032,2.05461116618177e-06,3.062160570665995e-07,8.68607383429008e-10,4.40198460720909e-07,9.01180566918714e-09,8.509118710753327e-07,5.80061904118765e-12,1.9364541543609448e-05,1.1571276191668645e-06,3.2789408578537405e-05,1.0,10.0
2033,1.19210041471323e-06,1.2728489606761428e-07,1.8634968361334e-10,2.91046604356334e-07,1.00137166455036e-09,5.873354500529615e-07,2.64184524454333e-10,1.728237953102507e-05,7.14619837083319e-07,3.364370968483854e-05,1.0,10.0
2034,1.58737343628401e-06,5.597641106191986e-08,5.9150044700959e-10,3.37412011083163e-07,1.18830514206995e-08,3.790953940763231e-07,2.69595111596158e-09,1.6366432532777253e-05,4.3507156610722575e-07,3.317990922369063e-05,1.0,10.0
2035,8.35397558595014e-07,1.9109055948707265e-08,1.11321700052925e-10,1.56294147664196e-07,6.3015213847166e-09,2.2405720506712967e-07,2.59037354204042e-09,1.4767449556529755e-05,2.0494759211953095e-07,3.4931208574562334e-05,1.0,10.0
2036,1.13549063759325e-06,6.255976503499738e-08,2.59565210192696e-10,2.6177673093588e-07,4.30417816592679e-09,9.71749450351389e-08,4.18768134013412e-09,1.400823353492342e-05,1.5973425115944906e-07,3.625920908234548e-05,1.0,10.0
2037,5.97264362044592e-07,3.992386921058966e-09,4.61897909290284e-10,4.50193995385928e-08,1.40672225619321e-08,1.0807721939620762e-08,9.55671424925827e-10,1.3271067530240543e-05,1.4800669911885223e-08,3.604220910347067e-05,1.0,10.0
2038,4.25611889265029e-08,4.434835293443129e-08,1.66607839201606e-10,2.08315463543575e-07,5.14924323097082e-10,8.470523293890864e-08,1.28538461183203e-09,1.3096025554659718e-05,1.2905366486570813e-07,3.408560951356776e-05,1.0,10.0
2039,1.46424972841119e-13,3.743594909622061e-07,2.87024949231882e-16,6.85026037630654e-15,3.68446863730637e-14,3.743594909622061e-07,3.69848466089118e-17,7.995548543249242e-06,7.487193288691074e-07,3.2062409445643425e-05,1.0,10.0
2040,4.22268425621342e-06,1.0578195391852674e-07,1.03623879634517e-09,6.60040032766575e-07,2.83274937975704e-08,1.1664119960452801e-06,1.82498865221297e-09,1.8362875550792523e-05,1.060629521099088e-06,3.227520937798545e-05,1.0,10.0
2041,3.2142184462031e-06,3.552981990839754e-07,2.8835368658604e-10,5.83769923603683e-07,9.10036545089427e-09,1.2560666760585981e-06,2.55482574450015e-10,2.16446945557891e-05,1.6113643751536344e-06,3.1704808861832134e-05,1.0,10.0
2042,2.05695115838416e-06,3.064080110748435e-07,6.95487855728522e-10,4.36994050378328e-07,9.75930425614792e-09,8.510725890698012e-07,1.41003013061826e-09,1.9358444546924147e-05,1.1574803001623835e-06,3.2816709790495224e-05,1.0,10.0
2043,1.19528321639972e-06,1.2763669504645136e-07,1.06569716333617e-09,2.90820541595633e-07,1.2692439522007e-08,5.857699240663372e-07,2.1297185125252e-09,1.72902285555665e-05,7.13406113073134e-07,3.3614609492360614e-05,1.0,10.0
2044,1.58640501687012e-06,6.017804204949684e-08,2.0165225484974e-10,3.3686692435494e-07,6.70871415095009e-10,3.7867322005835646e-07,1.02336807160365e-09,1.6404627530164362e-05,4.388510330688433e-07,3.3183509003720246e-05,1.0,10.0
2045,8.530461752497e-07,1.745451694290523e-08,1.90612650372279e-10,1.56695782088916e-07,1.81418059367429e-10,2.2424632906137276e-07,8.5693665362221e-10,1.4765479534162296e-05,2.067912511227732e-07,3.495890814519953e-05,1.0,10.0
2046,1.14038614026858e-06,6.26979150819551e-08,2.25541596200466e-10,2.61769689100747e-07,2.30827199602045e-08,9.569605308179518e-08,6.59882597882825e-09,1.4014877535828418e-05,1.583935090865296e-07,3.623030897870194e-05,1.0,10.0
2047,6.03093002166143e-07,3.5377209495202067e-09,4.30468561763277e-12,4.49348871187712e-08,5.10662100360873e-10,9.679465950984678e-09,3.97623119056817e-10,1.3276495536729271e-05,1.3217747896199228e-08,3.6094608731218614e-05,1.0,10.0
2048,4.25621340524249e-08,4.434805095376859e-08,5.55364706685429e-11,2.08317097503659e-07,1.71701027636313e-10,8.47060969144664e-08,4.28466791324601e-10,1.3096021547198688e-05,1.290542268606032e-07,3.4085709557984956e-05,1.0,10.0
2049,1.22975414573734e-13,3.743594859662025e-07,3.93435369054835e-16,6.23692720733149e-15,3.87130242142722e-14,3.7435948796460394e-07,1.25599358319936e-15,7.995548543249242e-06,7.487193288691074e-07,3.2062409445643425e-05,1.0,10.0
2050,4.22268414914826e-06,1.057819569161289e-07,1.03623863092522e-09,6.60040032086872e-07,2.83274875774822e-08,1.1664119960452801e-06,1.82498847366436e-09,1.8362875550792523e-05,1.0606295191006865e-06,3.227520937798545e-05,1.0,10.0
2051,3.21421840395982e-06,3.552982030807783e-07,2.8835355471324e-10,5.83769922406653e-07,9.10037466737168e-09,1.2560666770577988e-06,2.55482399070996e-10,2.16446945557891e-05,1.6113643761528351e-06,3.1704808861832134e-05,1.0,10.0
2052,2.05695116501866e-06,3.0640801307324494e-07,6.95487987825321e-10,4.36994049049936e-07,9.75929844430928e-09,8.510725900690019e-07,1.410030077893e-09,1.9358444546924147e-05,1.1574802971647813e-06,3.2816709790495224e-05,1.0,10.0
2053,1.19528314474989e-06,1.276366960456521e-07,1.06569718158571e-09,2.90820540506972e-07,1.26924498152937e-08,5.857699280631401e-07,2.12971846027597e-09,1.729022955032633e-05,7.134061140723347e-07,3.3614609492360614e-05,1.0,10.0
2054,1.58640495231434e-06,6.017803905189467e-08,2.0165229592692e-10,3.36866924817542e-07,6.70876051746586e-10,3.786732210575572e-07,1.02336821149198e-09,1.6404627530164362e-05,4.38851027073639e-07,3.3183509003720246e-05,1.0,10.0
2055,8.53046066302127e-07,1.745452193890884e-08,1.90612617151011e-10,1.5669578067097e-07,1.81422560310775e-10,2.2424632706297132e-07,8.56936490659847e-10,1.4765479534162296e-05,2.0679125312117463e-07,3.495890814519953e-05,1.0,10.0
2056,1.14038608078383e-06,6.269791308355366e-08,2.2554159763661e-10,2.6176968742167e-07,2.3082721322552e-08,9.569605607939735e-08,6.5988259842374e-09,1.4014877535828418e-05,1.5839350808732888e-07,3.623030897870194e-05,1.0,10.0
2057,6.03093082928797e-07,3.5377249463230953e-09,4.304687847447e-12,4.49348875507986e-08,5.106625729646e-10,9.679464951783956e-09,3.97623193433933e-10,1.3276495536729271e-05,1.321774889539995e-08,3.6094608731218614e-05,1.0,10.0
2058,4.25620792763627e-08,4.4348051952969314e-08,5.55364351734155e-11,2.08317097051113e-07,1.7170075977739e-10,8.470609996757972e-08,4.2846666471054e-10,1.3096022541958519e-05,1.2905422186459958e-07,3.4085709557984956e-05,1.0,10.0
2059,1.81869276583146e-13,3.743594899630054e-07,4.29124890529158e-16,7.23710371144937e-15,3.40265738762308e-14,3.7435948896380467e-07,1.11306227906435e-15,7.995548543249242e-06,7.487193288691074e-07,3.2062409445643425e-05,1.0,10.0
2060,4.25268435556744e-06,1.0950299794698637e-07,2.57057186043074e-09,6.64873530572372e-07,1.86995269788149e-08,1.166023587073628e-06,1.01240585101196e-10,1.832918053423782e-05,1.0565200700973776e-06,3.230260881537106e-05,1.0,10.0
2061,3.21426517193636e-06,3.553018590451984e-07,8.65054431171043e-10,5.83772513873913e-07,2.73009684969897e-08,1.2560678680495485e-06,7.66442733661065e-10,2.1644685546107212e-05,1.6113692381525269e-06,3.170490890624933e-05,1.0,10.0
2062,2.05461107907507e-06,3.0621605906500093e-07,8.68607238979874e-10,4.40198462966868e-07,9.0118056516705e-09,8.509118710753327e-07,5.80087216173734e-12,1.9364541543609448e-05,1.1571276151700616e-06,3.2789408578537405e-05,1.0,10.0
2063,1.1921003495671e-06,1.2728489606761428e-07,1.86349718712268e-10,2.91046600203786e-07,1.00137071603609e-09,5.873354530505637e-07,2.64184394342449e-10,1.728237953102507e-05,7.146198330865161e-07,3.364370968483854e-05,1.0,10.0
2064,1.58737338132146e-06,5.5976412061120584e-08,5.91500326302842e-10,3.37412010005316e-07,1.18830505346082e-08,3.7909539207792164e-07,2.69595110127911e-09,1.6366432532777253e-05,4.3507156510802503e-07,3.317990922369063e-05,1.0,10.0
2065,8.35397531347279e-07,1.9109058946309432e-08,1.11321626595051e-10,1.5629414697749e-07,6.30152001611465e-09,2.2405720806473184e-07,2.59037333724479e-09,1.4767449556529755e-05,2.0494759311873167e-07,3.4931208574562334e-05,1.0,10.0
2066,1.13549063171709e-06,6.25597660341981e-08,2.59565232498461e-10,2.61776729711301e-07,4.30417172974355e-09,9.71749450351389e-08,4.18768120194662e-09,1.400823353492342e-05,1.5973425515625195e-07,3.625920908234548e-05,1.0,10.0
2067,5.97264400678185e-07,3.992390917861854e-09,4.61897874963003e-10,4.50193998261504e-08,1.40672245653616e-08,1.0807718942018596e-08,9.55671417960252e-10,1.3271067530240543e-05,1.4800674907888833e-08,3.604220910347067e-05,1.0,10.0
2068,4.25611547645935e-08,4.434835293443129e-08,1.66607939457908e-10,2.08315463499882e-07,5.14918777633363e-10,8.470523293890864e-08,1.28538462340166e-09,1.3096025554659718e-05,1.2905366686410957e-07,3.408560951356776e-05,1.0,10.0
2069,1.72683915777849e-13,3.743594899630054e-07,2.71399732453882e-16,6.73552468140326e-15,3.1401822060597e-14,3.7435948796460394e-07,4.72788380168933e-17,7.995548543249242e-06,7.487193288691074e-07,3.2062409445643425e-05,1.0,10.0
2070,4.22142898388249e-06,1.1003950595167566e-07,1.69345374085542e-09,6.62523170965861e-07,3.13784194581838e-08,1.1643634850733164e-06,3.28576344631496e-09,1.8327787529415218e-05,1.0543234501003695e-06,3.227560955565423e-05,1.0,10.0
2071,3.22501322367564e-06,3.5903498307732207e-07,1.00561835002175e-09,5.84017966015275e-07,1.81762924897876e-08,1.2596750690874181e-06,5.05347670300639e-10,2.1699869535041216e-05,1.6187095611686075e-06,3.170000854879618e-05,1.0,10.0
2072,2.05462252166522e-06,3.0621667607144687e-07,1.28027298816812e-09,4.40205380689915e-07,1.36354085260895e-09,8.50917195038825e-07,9.65313580347515e-10,1.9364548535349968e-05,1.1571335520876858e-06,3.2789408578537405e-05,1.0,10.0
2073,1.18872625047258e-06,1.2690013007077283e-07,7.59565657705015e-11,2.90831792861706e-07,7.07454535844718e-09,5.875182160774983e-07,9.0946101259091e-10,1.7270998540652727e-05,7.144178341134122e-07,3.361900962772779e-05,1.0,10.0
2074,1.56817897440276e-06,5.364749305902805e-08,1.19032477869002e-09,3.36375898557457e-07,6.66505821603105e-09,3.753773960557538e-07,2.98221226399399e-09,1.6341612536052708e-05,4.290246441440715e-07,3.317140908620786e-05,1.0,10.0
2075,8.25877236028047e-07,2.1249771942066786e-08,1.71506026688941e-10,1.54327970547949e-07,4.84853318670313e-09,2.180576800792089e-07,2.54590202474378e-10,1.4713566542923218e-05,1.96807342089933e-07,3.497040961519815e-05,1.0,10.0
2076,1.13549924322617e-06,6.255851203729179e-08,2.42606709153756e-10,2.61783215552353e-07,2.67191980162889e-09,9.716732807252271e-08,2.4916228158637e-09,1.400820954700066e-05,1.5972539513242623e-07,3.625920908234548e-05,1.0,10.0
2077,5.97288421093183e-07,3.990453967261942e-09,4.52282344542034e-10,4.50218153377345e-08,1.30626835105239e-08,1.0808117956173646e-08,1.75099082523034e-09,1.3271075545162603e-05,1.4799139913534987e-08,3.604220910347067e-05,1.0,10.0
2078,4.3450044579646e-08,4.402317993479343e-08,5.73501985178679e-10,2.08704606713682e-07,1.46708493979273e-10,8.48244179341151e-08,1.30356707970348e-09,1.3107866550399194e-05,1.288476708660724e-07,3.4109209082089365e-05,1.0,10.0
2079,1.73712173118235e-13,3.743594849670018e-07,4.98733634618042e-16,6.85080247739278e-15,6.59571003499768e-15,3.743594849670018e-07,1.35198401546343e-15,7.995548543249242e-06,7.487193288691074e-07,3.2062409445643425e-05,1.0,10.0
2080,4.21238852467369e-06,1.1086607193400155e-07,1.42989787827293e-10,6.61699997442937e-07,2.81801190745156e-08,1.1663788630489336e-06,3.7679596160964e-09,1.8334928540753026e-05,1.055512262149172e-06,3.2313908377545886e-05,1.0,10.0
2081,3.25486126539964e-06,3.5851709506706797e-07,5.24002715268442e-10,5.89563819067627e-07,2.52914138220155e-08,1.2610700630411031e-06,1.79032476034143e-09,2.1710721540557643e-05,1.6195866621160349e-06,3.167410977766849e-05,1.0,10.0
2082,2.0159036184881e-06,3.0533324008041873e-07,1.59205331471592e-09,4.35399031628986e-07,1.88781146814312e-09,8.513186640635162e-07,2.31244203665534e-10,1.9338275535574212e-05,1.1566515881744621e-06,3.28487094520824e-05,1.0,10.0
2083,1.16716571110895e-06,1.26753909035493e-07,1.19982944968238e-10,2.85380566740083e-07,2.0056244697054e-08,5.815331700631532e-07,1.78916972892661e-09,1.7241408528434476e-05,7.082865711716124e-07,3.3635709769441746e-05,1.0,10.0
2084,1.55367745453133e-06,5.541836606282047e-08,7.68233281273088e-10,3.32530663789911e-07,1.62502110278217e-08,3.760713790379455e-07,2.85050013544058e-09,1.6364426528525655e-05,4.314895011292563e-07,3.315190951980185e-05,1.0,10.0
2085,8.20189562098558e-07,1.9179544952230287e-08,5.61665130473571e-10,1.52336058894398e-07,1.66589417917778e-08,2.192324130567691e-07,1.58055978335768e-09,1.4738598537178405e-05,2.0005230316755274e-07,3.495060809655115e-05,1.0,10.0
2086,1.13369651702955e-06,6.214261505377294e-08,1.59051285795926e-11,2.61587882935518e-07,1.62717100131936e-09,9.737250106223172e-08,1.69520607829898e-09,1.3996463536614101e-05,1.595146671418135e-07,3.623530938057229e-05,1.0,10.0
2087,5.98914853468246e-07,4.996802915879783e-09,1.24026494933127e-11,4.51906807353924e-08,9.95844248006411e-10,1.3199404957919825e-08,7.95968783137698e-10,1.3245722556121109e-05,1.8196774864698284e-08,3.606190875871107e-05,1.0,10.0
2088,4.51423833075677e-08,4.3073295930007305e-08,7.97141920034653e-10,2.09047220649331e-07,1.12512123166724e-08,8.253489092169275e-08,1.28870391532465e-09,1.3132777553437336e-05,1.2560825990437507e-07,3.408950942684896e-05,1.0,10.0
2089,1.50786501340594e-13,3.743594869654032e-07,4.76964252598897e-17,6.5419945936146e-15,3.53684366950074e-15,3.743594849670018e-07,1.72478777950551e-16,7.995548543249242e-06,7.487193288691074e-07,3.2062409445643425e-05,1.0,10.0
2090,4.21795896451168e-06,1.140266099319831e-07,1.06051198443978e-16,6.64666707801765e-07,1.5218945895179e-15,1.1660138200531023e-06,5.21636770237088e-17,1.8298232532742986e-05,1.0519866830982494e-06,3.230810943932738e-05,1.0,10.0
2091,3.23588558269824e-06,3.5607551707173e-07,1.22252265277213e-17,5.8957719977975e-07,1.99043255835751e-15,1.2604460250531524e-06,1.35562541010367e-16,2.168802853930174e-05,1.6165210481311476e-06,3.168650982843246e-05,1.0,10.0
2092,1.99666078038764e-06,3.035947690466223e-07,2.0085904036478e-17,4.32163960707599e-07,2.14944435947967e-15,8.440424310585115e-07,7.88502970599028e-17,1.9287022553271527e-05,1.147636887077752e-06,3.288200969109312e-05,1.0,10.0
2093,1.13188776064465e-06,1.2651492803383846e-07,3.88233316209272e-17,2.82383998828715e-07,1.61208665774154e-15,5.763587760387878e-07,3.91278399654651e-17,1.720708652896974e-05,7.028731970892821e-07,3.365510929143056e-05,1.0,10.0
2094,1.55027700745247e-06,5.5127396036969145e-08,5.28548559086683e-19,3.32701261106865e-07,2.74074111929895e-15,3.7762975707567037e-07,1.16725375296379e-16,1.6357068545858056e-05,4.3275690608801654e-07,3.3181009712279774e-05,1.0,10.0
2095,8.18639083870762e-07,1.8994722961185317e-08,2.11688356595427e-17,1.52627249255447e-07,2.98810184495152e-15,2.2056857607033464e-07,3.74024338519081e-17,1.4743298550001782e-05,2.0157329616576902e-07,3.5003509765374474e-05,1.0,10.0
2096,1.13369814808703e-06,6.214216008437745e-08,2.57654717060549e-17,2.61589500094264e-07,6.94173993461e-16,9.737115608254854e-08,9.42917076883487e-18,1.3996455550113751e-05,1.5951284915161068e-07,3.6235409424989484e-05,1.0,10.0
2097,5.98915744972998e-07,4.9968699178393194e-09,7.63634083267642e-17,4.51899612042683e-08,1.9318856410433e-15,1.319991693726763e-08,1.15806344548608e-17,1.3245722556121109e-05,1.8197353846005626e-08,3.6061808714293875e-05,1.0,10.0
2098,5.9167134844329e-08,4.40019029546157e-08,9.05097055788583e-17,2.09533093540703e-07,3.74081597946316e-15,8.300103793157376e-08,5.45599332314912e-17,1.3138999548800712e-05,1.270030128841526e-07,3.4061009500874206e-05,1.0,10.0
2099,1.5735503178238e-13,3.7435948796460394e-07,5.36184561106181e-17,6.57422250319173e-15,1.66065213880531e-15,3.743594859662025e-07,1.75200294810079e-17,7.995548543249242e-06,7.487193288691074e-07,3.2062409445643425e-05,1.0,10.0
